time,a_x,a_y,a_z,af_h,af_p,af_r,b,d,fsr_fsr0,fsr_fsr1,fsr_fsr2,fsr_fsr3,fsr_fsr4,fsr_fsr5,g_x,g_y,g_z,m_x,m_y,m_z
2017-05-20T18:18:00-03:00,0.28363,0.11871300000000001,0.9146120000000001,8.779081,-17.094255,7.395442999999999,214939.3125,21,2346,2951,1998,2174,1,1,-1.420593,14.011535999999998,0.650482,-0.20146,-0.0007,0.10835999999999998
2017-05-20T18:18:00-03:00,0.25,0.225037,0.9160159999999999,8.000586,-14.844381,13.802454000000001,214939.3125,21,1859,3066,2279,2227,2947,0,-8.045044,60.696716,-9.846954,-0.23534000000000002,0.00238,0.10415999999999999
2017-05-20T18:18:00-03:00,0.13153099999999998,0.268494,1.244385,20.385168,-5.898969,12.175723,214939.3125,17,217,2737,2121,236,158,1,4.717865,244.96261600000003,-43.903809,-0.25186,-0.05264,0.0567
2017-05-20T18:18:00-03:00,0.185852,0.12353499999999999,0.920227,23.669523,-11.319168,7.645915,214939.3125,63,12,1250,1,1,2051,0,2.527161,-6.235657,47.873993,-0.24611999999999998,-0.06636,-0.0581
2017-05-20T18:18:00-03:00,0.20263699999999998,-0.186584,0.8933719999999999,17.746515,-12.5184,-11.796892,214938.90625,68,56,1241,0,1,1927,1,-45.339355,-155.01663200000002,-12.224578999999999,-0.24206,-0.039060000000000004,-0.031639999999999995
2017-05-20T18:18:00-03:00,0.793945,0.061584,1.136536,22.135804999999998,-34.897422999999996,3.101604,214938.90625,44,129,1477,1,1,1787,1,-49.593658000000005,-216.40121499999998,-14.467621,-0.23226,-0.055999999999999994,0.058660000000000004
2017-05-20T18:18:00-03:00,1.396362,0.144653,0.9802860000000001,25.317965,-54.639339,8.394128,214938.90625,44,98,1273,0,1,1291,1,49.391785,-135.14328,77.26531999999999,-0.20901999999999998,-0.06286,0.12012
2017-05-20T18:18:00-03:00,1.503235,-0.27618400000000004,-0.24267600000000003,22.091607999999997,-76.256676,-131.304932,214938.90625,155,46,1407,1,1,1328,1,7.49176,140.122833,-0.328979,-0.1911,-0.045919999999999996,0.13342
2017-05-20T18:18:01-03:00,1.832825,-1.999756,1.8817139999999999,25.153523999999997,-33.722363,-46.741924,214939.515625,166,1518,720,0,1,3916,0,-85.53466800000001,61.646271,-150.313721,-0.18158,-0.05404,0.11172
2017-05-20T18:18:01-03:00,0.277527,0.132629,0.762756,11.761811999999999,-19.721161,9.864065,214939.515625,49,2266,1942,1,2007,3947,0,-1.039276,25.548248,-7.349701,-0.22414,-0.012459999999999999,0.11732000000000001
2017-05-20T18:18:01-03:00,0.279968,0.129761,0.921631,14.098167000000002,-16.741707,8.014263,214939.515625,38,2483,2456,145,2392,3929,0,4.269257,3.72345,-6.542206,-0.21882,-0.02114,0.11382
2017-05-20T18:18:01-03:00,0.251343,0.082825,0.937744,8.890637,-14.948701000000002,5.047457,214939.515625,38,2591,2716,1323,2660,3862,1,-5.233765,12.762909,-0.022430000000000002,-0.2324,-0.00126,0.11199999999999999
2017-05-20T18:18:01-03:00,0.256592,0.13104200000000002,0.914307,14.05044,-15.525402,8.156339,214938.90625,33,2613,2869,1722,2774,1,0,-3.611298,6.086121,1.472931,-0.25144,-0.02408,0.10346
2017-05-20T18:18:01-03:00,0.27807600000000005,0.209412,0.912781,12.294818,-16.537895000000002,12.921286,214938.90625,27,2389,3017,2171,2756,13,1,3.6412050000000002,18.624725,6.235657,-0.21994,-0.014280000000000001,0.10472000000000001
2017-05-20T18:18:01-03:00,0.391235,0.236145,0.9234620000000001,15.182388000000001,-22.315897,14.344125,214938.90625,17,1242,3082,2474,2286,2565,1,11.372223,88.60015899999999,-17.966766,-0.23828000000000002,-0.02758,0.09043999999999999
2017-05-20T18:18:01-03:00,-0.045471,0.276062,1.1414790000000001,15.449197,2.217332,13.595688,214938.90625,12,402,2632,2256,998,2,1,69.967957,222.38266000000002,-57.227478000000005,-0.2394,-0.028839999999999998,0.02254
2017-05-20T18:18:01-03:00,1.410828,0.269714,1.999756,17.64687,-34.960068,7.681336999999999,214938.703125,66,95,1142,1,1,1928,0,86.603851,-11.559142999999999,24.090270999999998,-0.22721999999999998,-0.03626,-0.09926
2017-05-20T18:18:02-03:00,0.119751,-0.405396,0.838989,19.237171,-7.3232800000000005,-25.789606,214938.703125,61,140,1325,1,1,1601,1,-43.649597,-136.190033,44.546814000000005,-0.25816,-0.04858,-0.06566
2017-05-20T18:18:02-03:00,1.398499,-0.073792,1.1358030000000001,17.213261,-50.858849,-3.7172,214938.703125,18,235,1257,0,1,2049,1,-99.24713100000001,-186.39678999999998,-36.269989,-0.25634,-0.038919999999999996,0.04886
2017-05-20T18:18:02-03:00,1.085266,0.22772199999999998,1.0559690000000002,9.343899,-45.132862,12.169597,214938.703125,59,219,1316,0,1,1325,0,-14.490051000000001,-126.47766100000001,52.79373199999999,-0.231,-0.0030800000000000003,0.13985999999999998
2017-05-20T18:18:02-03:00,0.963684,-0.404541,-0.965332,13.573744,-42.6362,-157.262939,214939.71875,76,449,1278,0,1,3099,1,2.272949,91.299286,-37.922363,-0.23071999999999998,-0.02016,0.13384000000000001
2017-05-20T18:18:02-03:00,0.553589,0.356079,0.52478,16.278456,-41.118297999999996,34.158066,214939.71875,39,1396,2030,0,517,3838,0,0.747681,-0.6130979999999999,27.761383000000002,-0.1771,-0.02394,0.14462
2017-05-20T18:18:02-03:00,0.102478,0.248169,0.930359,13.765413,-6.074987,14.935628,214939.71875,39,2149,2742,1,1531,3941,1,-2.639313,-1.94397,5.413208,-0.24065999999999999,-0.021840000000000002,0.15162
2017-05-20T18:18:02-03:00,0.291138,0.248169,0.923889,8.624519,-16.926776999999998,15.035497,214939.71875,28,2340,2843,4,2017,3912,1,25.137024,4.740295,-12.344208,-0.18018,-0.00014,0.14952000000000001
2017-05-20T18:18:02-03:00,0.260864,0.125671,0.921509,12.960905,-15.668148,7.765842999999999,214939.71875,31,2432,2901,1,2360,3807,1,4.755249,-0.149536,-3.386993,-0.24122,-0.01848,0.14406
2017-05-20T18:18:03-03:00,0.234375,0.155579,0.928528,11.904475,-13.979359,9.511786,214939.71875,30,2483,2962,2059,2568,1,1,2.078552,2.534637,-2.5421139999999998,-0.1904,-0.011059999999999999,0.13244
2017-05-20T18:18:03-03:00,0.21435500000000002,0.162231,0.9282229999999999,14.775235999999998,-12.815710000000001,9.913816,214939.71875,23,2252,3042,2373,2645,2939,1,5.727233999999999,22.886505,-4.456176999999999,-0.23085999999999998,-0.02506,0.12165999999999999
2017-05-20T18:18:03-03:00,0.285095,0.151611,0.9351809999999999,16.417471,-16.74795,9.208663,214939.71875,18,1286,3069,2578,2172,680,0,21.458435,73.12316899999999,-20.912628,-0.22274000000000002,-0.030660000000000003,0.10626
2017-05-20T18:18:03-03:00,0.152649,0.400208,0.9714969999999999,11.88305,-8.266267,22.389187,214939.3125,17,751,2706,2326,1202,2,1,13.450775,195.518494,-49.137572999999996,-0.25956,-0.014980000000000002,0.07882
2017-05-20T18:18:03-03:00,0.6342770000000001,-0.054564999999999995,1.999756,25.147049,-17.591707,-1.5629870000000001,214939.3125,58,81,1305,1,1,1736,0,17.645264,51.358185,22.594910000000002,-0.23954,-0.07126,-0.044660000000000005
2017-05-20T18:18:03-03:00,0.17266800000000002,-0.382629,1.061218,20.404083,-8.702296,-19.82711,214939.3125,67,66,1380,1,1,1975,0,-16.882629,-144.7435,4.26178,-0.20664000000000002,-0.04326,-0.03388
2017-05-20T18:18:03-03:00,0.753967,-0.494812,1.178284,16.643245999999998,-30.539562,-22.779631,214939.3125,44,188,1436,1,1,1751,1,-72.218475,-194.411926,-21.256560999999998,-0.2352,-0.033319999999999995,0.055720000000000006
2017-05-20T18:18:03-03:00,0.997742,-0.040222,1.1414790000000001,22.812462,-41.138366999999995,-2.018089,214939.109375,95,178,1504,1,1,1382,1,-41.271972999999996,-151.330566,14.968567000000002,-0.16338,-0.04144,0.12544
2017-05-20T18:18:04-03:00,1.232666,-0.068848,0.608704,21.709167,-63.574501,-6.453037,214939.109375,95,267,1356,1,1,1814,1,24.553832999999997,-37.084961,36.33728,-0.15666,-0.036539999999999996,0.14545999999999998
2017-05-20T18:18:04-03:00,-0.8274540000000001,0.9650270000000001,1.999756,19.191654,20.438162,25.760672,214939.109375,255,354,965,1,1,3687,1,23.83606,102.050934,-2.452393,-0.18158,-0.03402,0.13216
2017-05-20T18:18:04-03:00,0.26245100000000005,-0.502441,0.815063,20.358192000000003,-15.328565,-31.651527,214939.109375,57,1618,1956,1,305,3888,1,-56.25549300000001,60.023804000000005,-23.925781,-0.19404000000000002,-0.04046,0.11367999999999999
2017-05-20T18:18:04-03:00,0.401611,-0.051086,1.008667,4.597479,-21.68528,-2.899409,214938.28125,31,2329,2570,111,2071,1,1,-16.434020999999998,51.634827,11.828308,-0.24331999999999998,0.01694,0.11004000000000001
2017-05-20T18:18:04-03:00,0.31738299999999997,0.073792,0.920898,357.643768,-18.959831,4.581316999999999,214938.28125,29,2389,2693,1094,2259,3912,1,-8.374023,6.123505000000001,1.502838,-0.18186,0.03514,0.1148
2017-05-20T18:18:04-03:00,0.320374,0.152344,0.890259,7.6238850000000005,-19.530085,9.710569,214938.28125,29,2400,2702,1127,2271,1572,1,-3.603821,-2.287903,-2.228088,-0.20972,0.0035,0.11662
2017-05-20T18:18:04-03:00,0.23388699999999998,0.09021,0.8895870000000001,17.531796,-14.658682,5.7903709999999995,214938.28125,31,2428,2746,1161,2313,3625,0,-1.472931,0.785065,1.9888310000000002,-0.1582,-0.024919999999999998,0.11788
2017-05-20T18:18:04-03:00,0.272095,0.10876500000000001,0.937134,12.549097,-16.088186,6.620184,214940.125,27,2299,2971,2012,2470,3646,0,5.682373,15.835876,3.289795,-0.19572,-0.013580000000000002,0.1218
2017-05-20T18:18:04-03:00,0.339355,0.22912600000000002,0.920105,11.890378,-19.691917,13.983467999999998,214940.125,17,896,3034,2237,1212,1979,1,36.135406,113.58764599999999,-29.38385,-0.23478000000000002,-0.013580000000000002,0.09394
2017-05-20T18:18:05-03:00,0.7087399999999999,0.02356,0.9169309999999999,14.309779,-37.693016,1.47183,214940.125,20,3,2162,1537,1,1052,0,37.488708,244.96261600000003,-58.902283,-0.24836,-0.024919999999999998,0.00448
2017-05-20T18:18:05-03:00,-0.074646,-0.45965600000000006,0.129883,15.251135999999999,8.882136000000001,-74.221542,214940.125,78,161,838,1,1,2370,1,-83.919678,-47.051544,41.877594,-0.25256,-0.029539999999999997,-0.05558
2017-05-20T18:18:05-03:00,0.4776,-0.272217,0.795471,8.725513000000001,-29.599085,-18.891369,214939.3125,62,187,780,1,1,2417,0,-71.493225,-175.45074499999998,-36.382141,-0.2205,-0.00056,-0.0057399999999999994
2017-05-20T18:18:05-03:00,0.8032229999999999,0.126038,1.115601,21.781569,-35.58144,6.445794,214939.3125,48,137,1106,1,1,2102,0,-44.703827000000004,-195.914764,-27.380065999999996,-0.19516,-0.04578,0.0861
2017-05-20T18:18:05-03:00,1.209473,-0.086121,0.930847,11.059583,-52.298935,-5.2858730000000005,214939.3125,48,123,1519,1,1,1426,0,-0.328979,-142.545319,52.920837,-0.17457999999999999,-0.007559999999999999,0.12054000000000001
2017-05-20T18:18:05-03:00,1.364441,-0.343506,0.297607,20.79034,-71.577065,-49.094921,214939.3125,186,181,1468,1,1,1214,1,39.245758,-1.472931,-23.679047,-0.14686,-0.03178,0.13104000000000002
2017-05-20T18:18:05-03:00,0.004883,-0.503845,0.7344970000000001,17.618565,-0.314092,-34.449073999999996,214940.125,255,839,160,1,1,3730,0,13.592834,112.29415900000001,-2.624359,-0.19362000000000001,-0.0308,0.12025999999999999
2017-05-20T18:18:05-03:00,0.709839,-0.311646,1.046082,12.573806,-33.036884,-16.589691000000002,214940.125,50,1940,1672,1,631,3912,0,-11.19278,5.2412410000000005,7.7384949999999995,-0.1925,-0.01344,0.1022
2017-05-20T18:18:05-03:00,0.248108,0.172302,0.9042969999999999,11.456764999999999,-15.083769,10.787674,214940.125,39,2167,2204,1,1379,1,1,5.375824,-7.2151179999999995,0.695343,-0.22288000000000002,-0.0112,0.1022
2017-05-20T18:18:06-03:00,0.299622,0.10485799999999999,0.914062,4.079886,-18.038116,6.544186,214940.125,35,2273,2383,1,1636,1,1,5.555267,-0.485992,-0.014953999999999999,-0.24191999999999997,0.01904,0.10626
2017-05-20T18:18:06-03:00,0.24273699999999998,0.071533,0.920715,10.879988,-14.726915,4.442561,214938.703125,37,2403,2605,504,1887,1,0,10.639496000000001,-6.003876,-0.807495,-0.1708,-0.00686,0.11367999999999999
2017-05-20T18:18:06-03:00,0.24536100000000002,0.11181600000000001,0.90564,1.761785,-15.049976999999998,7.038505000000001,214938.703125,26,2447,2854,1267,2184,3847,1,3.5365300000000004,5.749664,3.701019,-0.20608,0.024640000000000002,0.10682
2017-05-20T18:18:06-03:00,0.037415,0.42688000000000004,0.552795,7.150455,-3.066361,37.676052,214939.3125,77,131,1400,1,1,1749,1,-37.735443,-80.996246,45.346832,-0.23561999999999997,0.00588,-0.03626
2017-05-20T18:18:07-03:00,0.446899,-0.168579,0.872375,11.404577,-26.701193,-10.93711,214939.3125,47,240,1315,1,1,1818,1,-50.961914,-191.555786,-34.752196999999995,-0.23268000000000003,-0.011479999999999999,0.025480000000000003
2017-05-20T18:18:09-03:00,0.38116500000000003,0.026123,0.811462,4.249117,-25.149223000000003,1.843861,214939.71875,37,1976,2240,1,1515,3898,1,14.108734,28.793182,7.603911999999999,-0.25326,0.019180000000000003,0.11185999999999999
2017-05-20T18:18:09-03:00,0.280457,0.203369,0.909424,7.271928999999999,-16.749482999999998,12.60533,214939.3125,25,2510,2918,1810,2639,3771,0,-0.16449,5.510406,-1.869202,-0.20845999999999998,0.00476,0.11018
2017-05-20T18:18:09-03:00,0.216919,0.128662,0.904236,11.209988000000001,-13.36021,8.098155,214939.921875,21,2041,3037,2305,2652,2691,1,19.03595,36.972809000000005,1.106567,-0.22554000000000002,-0.01036,0.09772
2017-05-20T18:18:09-03:00,0.357483,0.07885700000000001,0.92511,3.737914,-21.057995000000002,4.87218,214939.921875,19,883,3047,2486,1834,18,0,22.811737,79.493408,-12.568512,-0.21154,0.01792,0.0798
2017-05-20T18:18:09-03:00,0.61853,0.5405270000000001,0.864807,9.570347,-31.236853000000004,32.006474,214939.921875,18,287,2338,2083,581,2,1,67.395935,244.947662,-62.820129,-0.26726,-0.00462,0.0273
2017-05-20T18:18:09-03:00,-0.08404500000000001,0.379761,1.999756,17.786077,2.364394,10.752634,214939.921875,90,7,1033,0,1,1761,0,25.129547,-10.093689,16.964874,-0.21336,-0.03458,-0.06888
2017-05-20T18:18:09-03:00,0.28424099999999997,-0.279541,0.642517,14.25836,-22.080244,-23.512495,214939.71875,72,119,1091,1,1,1755,0,-78.865356,-148.683777,46.812286,-0.2464,-0.0245,-0.035
2017-05-20T18:18:10-03:00,0.705933,-0.18249500000000002,1.156433,17.782341,-31.089040999999998,-8.967813,214939.71875,38,220,1264,1,1,1273,1,-38.969116,-202.41210900000002,-3.312225,-0.17024,-0.02758,0.0525
2017-05-20T18:18:10-03:00,1.233093,0.117371,1.139099,5.267966,-47.118229,5.8828879999999995,214939.71875,38,106,1363,0,0,830,0,9.316101,-156.96807900000002,-3.7608339999999996,-0.18144000000000002,0.0105,0.1232
2017-05-20T18:18:10-03:00,0.8775629999999999,-0.24408000000000002,0.049072000000000005,16.118057,-74.161423,-78.632217,214939.71875,122,310,1425,1,1,778,0,36.135406,-5.144043,-13.959198,-0.16716,-0.022119999999999997,0.13272
2017-05-20T18:18:10-03:00,0.625366,0.117371,0.817871,13.142795000000001,-37.12109,8.166615,214939.109375,255,559,795,0,1,3618,1,63.747253,162.067261,-45.002899,-0.17192000000000002,-0.01372,0.12208
2017-05-20T18:18:10-03:00,0.27368200000000004,-0.426208,0.574707,15.043885999999999,-20.932024,-36.561001,214939.109375,55,1698,1579,1,672,3915,0,-97.669525,17.869568,27.985687,-0.20636,-0.02338,0.10262
2017-05-20T18:18:10-03:00,0.492554,0.086487,0.9488530000000001,2.55117,-27.337227000000002,5.208053,214939.109375,40,2296,2447,4,2042,1,0,14.318085,15.753632000000001,-9.218903,-0.18955999999999998,0.02002,0.10374000000000001
2017-05-20T18:18:10-03:00,0.27825900000000003,0.08367899999999999,0.9162600000000001,12.432210000000001,-16.826984,5.218173,214939.109375,29,2464,2641,1193,2452,3904,1,-3.125305,3.469238,-2.086029,-0.19544,-0.01316,0.09926
2017-05-20T18:18:10-03:00,0.288025,0.098755,0.911377,8.788651,-17.442381,6.184321,214939.3125,32,2499,2751,1442,2524,3869,1,-2.198181,1.846771,-2.011261,-0.19222,-0.0007,0.098
2017-05-20T18:18:11-03:00,0.26965300000000003,0.15270999999999998,0.898071,358.850342,-16.489244,9.650392,214939.3125,31,2476,2929,2020,2584,3756,1,-2.467346,7.813263,1.861725,-0.21391999999999997,0.036680000000000004,0.10262
2017-05-20T18:18:11-03:00,0.19989,0.081482,0.928833,9.698012,-12.100050999999999,5.0134419999999995,214939.3125,24,2106,3048,2426,2625,3039,1,23.551941,35.477447999999995,1.0916139999999999,-0.20804,-0.00406,0.0966
2017-05-20T18:18:11-03:00,0.254578,0.088013,1.050171,7.323391,-13.58068,4.790648,214939.3125,19,879,3026,2514,1323,5,0,25.608063,131.943207,-18.654633,-0.217,0.00476,0.06594
2017-05-20T18:18:11-03:00,1.999756,0.585938,1.003845,20.973289,-59.833144999999995,30.271814000000003,214939.3125,55,142,903,830,45,1284,1,131.180573,244.96261600000003,-84.001923,-0.23828000000000002,-0.052360000000000004,-0.025480000000000003
2017-05-20T18:18:11-03:00,0.10760499999999999,0.157654,0.480286,8.857555,-12.017122,18.172426,214939.3125,97,164,949,1,1,1914,1,-32.232513,-46.348724,48.382416,-0.2023,-0.00098,-0.06957999999999999
2017-05-20T18:18:11-03:00,0.476074,-0.026855,0.460754,18.667251999999998,-45.888313000000004,-3.33576,214939.3125,54,165,1179,1,1,1609,0,-94.125519,-204.535522,-14.594726999999999,-0.2597,-0.0462,0.009940000000000001
2017-05-20T18:18:11-03:00,1.029907,-0.166748,1.101624,23.985481,-42.749367,-8.607279,214939.3125,69,264,1352,0,1,998,0,-55.39566,-198.950348,2.512207,-0.18494000000000002,-0.050960000000000005,0.09142
2017-05-20T18:18:11-03:00,1.0916139999999999,-0.12213099999999999,0.53894,16.161835,-63.150188,-12.768362,214939.71875,69,402,1312,1,1,755,1,21.824799,-103.994904,50.274048,-0.16408,-0.021840000000000002,0.1225
2017-05-20T18:18:11-03:00,-0.9878540000000001,0.104492,0.880676,24.924328,48.083847,6.766507000000001,214939.71875,255,854,39,1,1,3589,0,-89.011383,-127.62161299999998,45.847778000000005,-0.15372,-0.04508,0.11997999999999999
2017-05-20T18:18:12-03:00,0.483459,0.052307000000000006,1.553894,15.325085000000001,-17.273163,1.927961,214939.71875,50,1876,847,1,643,3927,0,-104.33136,49.982452,20.740662,-0.17164000000000001,-0.0203,0.1057
2017-05-20T18:18:12-03:00,0.578796,0.12561,0.940796,11.811404,-31.375202,7.604869,214939.71875,34,2293,2257,4,1899,1,1,-8.112335,27.910919,-10.51239,-0.16366,-0.00924,0.11367999999999999
2017-05-20T18:18:12-03:00,0.372742,0.216125,0.881409,16.465773000000002,-22.329224,13.777360999999999,214939.3125,27,2402,2578,882,2230,3911,1,-1.8766779999999998,2.527161,-3.72345,-0.18395999999999998,-0.025480000000000003,0.10597999999999999
2017-05-20T18:18:12-03:00,0.358582,0.17968800000000001,0.884827,0.9780979999999999,-21.66049,11.479322,214939.3125,33,2460,2655,1103,2376,3890,1,-1.0841370000000001,-3.3197019999999995,-3.596344,-0.21714,0.028980000000000002,0.09842000000000001
2017-05-20T18:18:12-03:00,0.297485,0.114197,0.897034,9.039023,-18.21003,7.255008,214939.3125,28,2535,2773,1262,2549,3860,1,-8.695526,7.357178,2.826233,-0.19222,-0.0015400000000000001,0.10248
2017-05-20T18:18:12-03:00,0.356323,0.213562,0.9021610000000001,8.545956,-21.023985,13.318060000000001,214939.3125,20,2360,3010,1954,2589,1,0,-2.071075,21.652832,2.205658,-0.23561999999999997,0.00014,0.09394
2017-05-20T18:18:13-03:00,0.239075,0.309631,0.961182,11.087702,-13.319491000000001,17.855625,214939.515625,18,1104,3063,2233,1730,747,0,37.256927000000005,106.858521,-34.124146,-0.23016,-0.01008,0.0805
2017-05-20T18:18:13-03:00,0.7848510000000001,0.0008539999999999999,1.1516110000000002,20.930657999999998,-34.275375,0.042513,214939.921875,46,340,1429,0,1,1662,1,-21.921997,-195.92971799999998,33.570862,-0.18606,-0.04074,0.06944
2017-05-20T18:18:13-03:00,1.088501,0.18243399999999999,0.5973510000000001,18.759179999999997,-60.152542000000004,16.982941,214939.921875,46,354,1501,1,1,1031,1,-4.403839,-133.700256,69.863281,-0.16296,-0.02926,0.10178
2017-05-20T18:18:13-03:00,0.8396610000000001,0.15826400000000002,-0.344116,21.868248,-65.72015400000001,155.30159,214939.921875,255,635,749,1,1,3604,1,-10.288086,-69.45953399999999,67.216492,-0.18732000000000001,-0.044239999999999995,0.0952
2017-05-20T18:18:13-03:00,-0.138977,0.10888699999999998,1.0896,15.652217000000002,7.233113,5.70678,214939.921875,63,1569,648,1,1,3892,1,-23.357544,31.768951,26.781921,-0.1309,-0.01624,0.0882
2017-05-20T18:18:13-03:00,0.265381,0.15576199999999998,0.957031,14.780408,-15.306695000000001,9.244125,214940.125,39,2236,2076,1,1630,1,0,-5.136566,26.961365,-7.252502000000001,-0.2268,-0.024640000000000002,0.08694
2017-05-20T18:18:13-03:00,0.275818,0.085876,0.897217,12.156335,-17.014971,5.467369000000001,214940.125,39,2323,2168,1,1752,0,0,-6.452483999999999,2.901001,-0.5458069999999999,-0.20831999999999998,-0.013019999999999999,0.08736000000000001
2017-05-20T18:18:13-03:00,0.259521,0.059814,0.914185,15.461063000000001,-15.816223,3.7434870000000005,214940.125,33,2340,2325,8,1768,0,1,-1.80191,-1.525269,2.325287,-0.2065,-0.024919999999999998,0.09337999999999999
2017-05-20T18:18:14-03:00,0.271729,0.062134,0.913452,11.896714999999999,-16.530282999999997,3.891313,214940.125,34,2380,2527,269,1833,3934,1,-0.47103900000000004,5.0617980000000005,0.70282,-0.21741999999999997,-0.0126,0.08624
2017-05-20T18:18:14-03:00,0.330017,0.178955,0.909119,2.198193,-19.604517,11.135989,214938.703125,26,2385,2811,1072,1934,3896,1,-3.947754,13.974151999999998,4.403839,-0.21154,0.02366,0.0826
2017-05-20T18:18:14-03:00,0.302612,0.132141,0.9176639999999999,10.944622,-18.076542,8.194114,214938.703125,25,2190,3004,1899,2281,1,1,-0.553284,19.78363,0.829926,-0.20342000000000002,-0.0084,0.08498
2017-05-20T18:18:14-03:00,0.385925,0.24908400000000003,0.9656370000000001,11.475633,-21.156004,14.464051000000001,214938.703125,16,1035,2983,1778,1102,1779,0,43.896332,123.957977,-35.380249,-0.2408,-0.01218,0.0588
2017-05-20T18:18:14-03:00,0.8812260000000001,-0.363586,0.96991,12.708276,-40.389571999999994,-20.549328,214938.703125,20,295,1415,1029,1,1338,0,60.921020999999996,244.872894,-41.167297,-0.24051999999999998,-0.01736,-0.026739999999999996
2017-05-20T18:18:14-03:00,-0.19165,0.152527,0.6251220000000001,17.870279,16.585798,13.711984,214940.125,67,242,993,1,1,2310,0,-1.40564,-28.965149,38.11676,-0.2345,-0.038360000000000005,-0.063
2017-05-20T18:18:14-03:00,0.29998800000000003,-0.348572,0.750305,14.385653,-19.930716,-24.918325,214940.125,41,285,1225,0,1,2345,0,-70.962372,-182.022858,-54.161986999999996,-0.2506,-0.025480000000000003,-0.012459999999999999
2017-05-20T18:18:14-03:00,0.807251,0.18896500000000002,1.18634,21.974276,-33.900455,9.050263000000001,214940.125,54,358,1408,1,1,1653,1,-27.148284999999998,-178.919983,-4.643097,-0.20342000000000002,-0.04844,0.06552000000000001
2017-05-20T18:18:15-03:00,1.318604,-0.089111,0.7724,19.791519,-59.473994999999995,-6.581085000000001,214940.125,54,296,1444,1,1,1347,0,16.03775,-114.230652,26.572571000000003,-0.1568,-0.03108,0.10107999999999999
2017-05-20T18:18:15-03:00,0.997131,0.095337,-0.131775,21.921104,-80.73584,144.114899,214939.3125,181,500,520,0,1,3158,1,0.149536,98.97049,27.910919,-0.16884000000000002,-0.04004,0.105
2017-05-20T18:18:15-03:00,0.678894,0.238831,0.701538,20.419832,-42.492504,18.80055,214939.3125,41,1801,1580,1,573,3911,1,-60.816345,-33.787689,81.213074,-0.16562000000000002,-0.03472,0.09772
2017-05-20T18:18:15-03:00,0.241394,0.127563,0.9162600000000001,6.447449,-14.624607999999998,7.925884,214939.3125,30,2510,2859,1244,2443,3839,1,-0.568237,8.21701,0.9944149999999999,-0.2331,0.00868,0.09142
2017-05-20T18:18:15-03:00,0.249817,0.11608900000000001,0.949158,11.355027999999999,-14.641373000000002,6.973057000000001,214939.3125,25,2235,3043,2077,2529,3295,0,-2.2505189999999997,30.415649,0.680389,-0.18774000000000002,-0.0091,0.09422
2017-05-20T18:18:15-03:00,0.358093,0.160156,0.916443,15.840351,-21.052172,9.912824,214939.3125,19,1171,3088,2218,1694,385,1,54.296569999999996,86.267395,-14.131165,-0.24065999999999999,-0.030660000000000003,0.0707
2017-05-20T18:18:16-03:00,0.649048,0.036438,1.044189,23.345423,-31.84865,1.99858,214939.71875,15,268,2338,1690,275,2,0,86.117859,244.96261600000003,-64.494934,-0.23478000000000002,-0.06188,-0.01176
2017-05-20T18:18:16-03:00,0.257874,-0.45355200000000007,0.549133,22.001451,-19.903812,-39.554733,214939.71875,89,64,1097,0,1,1586,0,-40.090637,-37.443847999999996,67.410889,-0.2247,-0.05362000000000001,-0.07952000000000001
2017-05-20T18:18:16-03:00,0.174072,-0.320374,0.769104,26.466795,-11.801022,-22.614376,214939.71875,51,54,1129,1,1,1706,0,-85.9758,-197.46993999999998,-9.891815,-0.20257999999999998,-0.06538,-0.04018
2017-05-20T18:18:16-03:00,0.9137569999999999,0.134827,1.224976,30.978802,-36.555515,6.280965,214939.71875,37,181,1261,0,1,1444,0,-53.915253,-227.302399,-22.864075,-0.1729,-0.07126,0.06846000000000001
2017-05-20T18:18:16-03:00,1.722107,0.07312,1.13446,26.186481,-56.57,3.687821,214939.921875,37,177,1165,0,1,934,1,85.78887900000001,-146.291199,69.07821700000001,-0.1897,-0.0602,0.10822000000000001
2017-05-20T18:18:16-03:00,0.34619099999999997,0.172974,0.9820559999999999,18.711233,-19.145622,9.989289999999999,214939.921875,37,2170,2089,0,1479,1,0,-5.532837000000001,4.209442,-0.35141,-0.21154,-0.0378,0.11312
2017-05-20T18:18:17-03:00,0.271973,0.180542,0.890869,15.358315,-16.657534,11.456306,214938.90625,42,2274,2367,1,1624,0,0,-8.874969,6.706696000000001,-4.321594,-0.17668,-0.021,0.1085
2017-05-20T18:18:17-03:00,0.22644,0.16680899999999999,0.91571,15.339982999999998,-13.673314999999999,10.324000000000002,214938.90625,39,2362,2476,1,1824,1,0,-5.914154,5.659943,-6.676788,-0.19488,-0.0231,0.11284000000000001
2017-05-20T18:18:17-03:00,0.27771,0.171265,0.9223629999999999,17.129911,-16.490092999999998,10.518899000000001,214938.90625,30,2420,2754,46,2061,1,1,-7.745972,8.276825,0.8822629999999999,-0.18438,-0.027719999999999998,0.11746
2017-05-20T18:18:17-03:00,0.303467,0.11828599999999999,0.944641,7.1197539999999995,-17.680283,7.137318,214938.90625,28,2441,2995,1,2395,1,1,7.82074,11.873169,2.198181,-0.19222,0.0049,0.10668
2017-05-20T18:18:17-03:00,0.181091,0.364807,0.920593,19.110445000000002,-10.363509,21.617132,214939.71875,19,1126,3093,2050,1722,2106,0,45.23468,140.227509,-34.026947,-0.20636,-0.038360000000000005,0.08974
2017-05-20T18:18:17-03:00,1.0447389999999999,-0.295532,0.963074,21.167694,-46.042446000000005,-17.059341,214939.71875,25,16,1984,1175,6,1885,0,-2.7439880000000003,244.96261600000003,-63.283691000000005,-0.25956,-0.057960000000000005,0.0054600000000000004
2017-05-20T18:18:17-03:00,0.000793,-0.028502999999999997,0.505432,27.218575,-0.089804,-3.227728,214939.71875,25,101,1155,1,1,2264,1,-25.765076,-33.29422,-9.899291999999999,-0.18886,-0.0637,-0.04886
2017-05-20T18:18:17-03:00,0.591553,-0.15826400000000002,0.476807,26.852283,-49.659843,-18.362309,214939.71875,56,82,1197,1,1,1737,0,-113.011932,-216.59561200000002,-68.338013,-0.1925,-0.06356,0.016659999999999998
2017-05-20T18:18:17-03:00,0.895813,0.194519,1.106323,29.727217,-38.571934000000006,9.972092,214938.90625,63,52,1424,0,1,1561,0,-20.882721,-185.2005,65.825806,-0.17626,-0.06817999999999999,0.09758
2017-05-20T18:18:18-03:00,1.1740110000000001,0.000671,0.44732700000000003,31.857778999999997,-69.14193,0.085994,214938.90625,63,81,1595,1,1,978,1,11.75354,-81.930847,25.226746,-0.1344,-0.05782,0.12208
2017-05-20T18:18:18-03:00,-0.592529,0.000305,1.3408200000000001,19.4583,23.841376999999998,0.013041,214938.90625,255,382,674,1,1,3663,0,-57.563933999999996,-104.922028,88.54034399999999,-0.16464,-0.031639999999999995,0.11815999999999999
2017-05-20T18:18:18-03:00,-0.588989,1.269287,1.999756,25.150164,13.964444,32.404156,214938.90625,45,2169,1666,1,1774,3882,1,-28.785706,25.264129999999998,-20.598602,-0.13692000000000001,-0.04074,0.10878
2017-05-20T18:18:18-03:00,0.376221,0.068604,0.8754879999999999,13.904016,-23.190943,4.480558,214940.546875,34,2454,2364,154,2461,1,1,13.518066000000001,-5.226287999999999,-4.2916870000000005,-0.11717999999999999,-0.010920000000000001,0.11172
2017-05-20T18:18:18-03:00,0.285217,0.072693,0.921143,25.767181,-17.154125,4.512201,214940.546875,31,2524,2534,561,2568,1,0,3.3645629999999995,-3.289795,-0.26168800000000003,-0.15344000000000002,-0.04746,0.10905999999999999
2017-05-20T18:18:18-03:00,0.295349,0.097229,0.8899540000000001,13.569726999999999,-18.258095,6.234937,214940.546875,33,2580,2661,1081,2624,1,1,1.368256,-3.7159730000000004,-0.104675,-0.17318,-0.015119999999999998,0.10752
2017-05-20T18:18:18-03:00,0.286926,0.17541500000000002,0.901062,16.094959,-17.357333999999998,11.016316999999999,214940.546875,22,2549,2855,1243,2675,1,1,-3.409424,16.075134,3.013153,-0.18466,-0.02436,0.105
2017-05-20T18:18:18-03:00,0.28424099999999997,0.165405,0.918335,20.952154,-16.941568,10.210318,214939.71875,22,2267,3002,1913,2701,3208,0,-2.003784,16.344299,1.59256,-0.1736,-0.03808,0.10514000000000001
2017-05-20T18:18:19-03:00,0.24725300000000003,0.21435500000000002,0.9924930000000001,16.871273000000002,-13.685684,12.187367,214939.71875,20,1117,3044,2119,1755,401,1,31.649323,105.632324,-26.019287,-0.22288000000000002,-0.03248,0.08092
2017-05-20T18:18:19-03:00,0.579529,0.067383,0.995117,20.688882999999997,-30.158382,3.8737809999999997,214939.71875,26,294,2086,1419,443,1,0,88.85436999999999,244.96261600000003,-76.502686,-0.27146,-0.05824,0.0028
2017-05-20T18:18:19-03:00,0.924377,0.240234,1.173584,21.252623,-37.655651,11.568710000000001,214939.71875,59,193,1331,1,1,1466,1,-48.539429,-208.363647,-5.076752,-0.14756,-0.03318,0.08302000000000001
2017-05-20T18:18:19-03:00,1.252258,-0.12915,0.519958,27.834093,-66.837135,-13.949172,214939.71875,59,109,1393,1,1,778,0,-5.158997,-73.310089,52.883453,-0.1491,-0.052079999999999994,0.1183
2017-05-20T18:18:19-03:00,0.630127,-0.144348,0.559265,25.621344,-47.4907,-14.472375,214939.71875,255,575,788,1,1,3639,1,-12.785339,-135.935822,60.464935,-0.16534000000000001,-0.05068,0.10864000000000001
2017-05-20T18:18:19-03:00,-0.106628,0.648438,1.765381,19.225054,3.244972,20.168658999999998,214939.921875,47,2038,1975,1,1285,12,0,-8.590850999999999,2.8411869999999997,-10.183411,-0.19068,-0.03584,0.11018
2017-05-20T18:18:19-03:00,0.329163,0.145752,0.8694459999999999,5.286612,-20.474570999999997,9.51645,214939.921875,32,2332,2483,117,1885,3937,1,8.351593,-1.547699,-3.5440059999999995,-0.1995,0.011479999999999999,0.11116
2017-05-20T18:18:20-03:00,0.220032,0.10583499999999998,0.921631,15.825997000000001,-13.343024,6.550834,214939.921875,33,2424,2555,797,2114,3921,0,7.0132449999999995,-4.98703,-2.818756,-0.17948,-0.02282,0.10346
2017-05-20T18:18:20-03:00,0.220032,0.065613,0.927002,14.738891,-13.320407999999999,4.048618,214939.921875,33,2469,2693,1100,2292,3901,1,-3.3496089999999996,6.183319,1.016846,-0.20888,-0.02254,0.10724000000000002
2017-05-20T18:18:20-03:00,0.22521999999999998,0.09454299999999999,0.932251,13.149409,-13.514919,5.790805000000001,214939.3125,29,2480,2898,1,2431,3838,1,-2.347717,9.809569999999999,4.299164,-0.21195999999999998,-0.01694,0.11018
2017-05-20T18:18:20-03:00,0.20770300000000003,0.16735799999999998,0.93927,19.565498,-12.281836,10.102892,214939.3125,24,2072,3067,2085,2465,3139,1,-2.093506,29.780121,-0.358887,-0.1666,-0.03234,0.10304
2017-05-20T18:18:20-03:00,0.22540300000000002,-0.077087,1.080444,16.258582999999998,-11.75501,-4.081016,214939.3125,14,645,3043,2125,1004,500,0,15.87326,136.967621,-9.794617,-0.23156,-0.031219999999999998,0.07364
2017-05-20T18:18:20-03:00,1.999756,-0.153687,0.7310180000000001,11.822847,-69.51708199999999,-11.872745,214939.3125,32,1,1807,0,1,2507,1,43.4552,213.560028,-107.778168,-0.23968000000000003,-0.013580000000000002,-0.019459999999999998
2017-05-20T18:18:21-03:00,0.681091,0.089233,0.649292,31.704722999999998,-46.101475,7.8252440000000005,214938.703125,61,193,1555,1,1,914,0,35.955963,-109.781952,49.758148,-0.07868,-0.0336,0.1057
2017-05-20T18:18:21-03:00,0.474243,-0.079224,0.268677,35.454617,-59.431614,-16.428993,214940.125,255,230,1607,1,1,1139,1,-27.170715,-8.508606,-38.086853000000005,-0.12404000000000001,-0.06286,0.1008
2017-05-20T18:18:21-03:00,0.36908,-0.256531,1.183899,31.003181,-16.944862,-12.226016,214940.125,255,495,998,1,1,3775,0,2.758942,98.222809,-5.390778,-0.1218,-0.05026,0.10248
2017-05-20T18:18:21-03:00,0.6759029999999999,0.43426499999999996,1.192261,18.522692000000003,-28.043093,20.013481,214940.125,53,1790,1584,1,487,3938,1,-29.167022999999997,-8.456268,40.128021000000004,-0.18928,-0.03318,0.10597999999999999
2017-05-20T18:18:21-03:00,0.196167,0.081726,0.9221799999999999,12.542452,-11.963478,5.064474,214940.125,48,2005,2232,1,1267,3949,1,-8.209534,2.706604,2.83371,-0.1435,-0.009940000000000001,0.1099
2017-05-20T18:18:21-03:00,0.176697,0.13562000000000002,0.933838,11.430347,-10.605888,8.263224000000001,214939.921875,39,2119,2488,1,1565,0,0,-3.8206480000000003,6.7590330000000005,-1.80191,-0.1659,-0.00826,0.1176
2017-05-20T18:18:21-03:00,0.22778299999999999,0.082764,0.910278,16.082829999999998,-13.993459,5.1951220000000005,214939.921875,43,2267,2588,4,1888,0,1,20.269623,-7.2375490000000005,-1.8766779999999998,-0.14882,-0.0196,0.12278
2017-05-20T18:18:22-03:00,0.135864,0.117126,0.944275,16.619446,-8.126211999999999,7.070769,214939.921875,34,2413,2881,1321,2400,3877,0,-0.433655,16.015320000000003,4.0000919999999995,-0.17346,-0.0245,0.11032
2017-05-20T18:18:22-03:00,-0.36676,0.44811999999999996,1.043701,16.120926,17.895212,23.236591,214939.921875,26,1162,3039,2020,1933,2492,0,46.236571999999995,140.94528200000002,-20.740662,-0.15652,-0.02072,0.1078
2017-05-20T18:18:22-03:00,1.999756,0.405823,1.474426,22.335039000000002,-52.594078,15.389094,214939.921875,26,2,1628,191,0,2169,1,-3.955231,244.96261600000003,-33.660583,-0.16128,-0.03948,0.027860000000000003
2017-05-20T18:18:22-03:00,1.2297360000000002,0.162964,1.171143,12.924138000000001,-46.123604,7.921810000000001,214939.921875,32,28,1484,1,1,1464,1,24.957581,-182.14996299999999,77.392426,-0.11242,-0.00854,0.11564
2017-05-20T18:18:22-03:00,1.086182,-0.350342,-0.8517459999999999,25.672207,-49.705090000000006,-157.641541,214940.125,118,135,1482,0,1,995,1,42.969208,147.038879,-1.001892,-0.16072,-0.04942,0.0917
2017-05-20T18:18:22-03:00,1.3965450000000001,-0.056152,1.083618,17.326162,-52.153912,-2.966374,214940.125,255,1151,455,1,1,3885,1,15.68634,157.955017,16.55365,-0.17654,-0.027160000000000004,0.09827999999999999
2017-05-20T18:18:22-03:00,0.358887,0.38574200000000003,1.227112,1.6442860000000001,-15.589328,17.450523,214940.125,44,2093,2175,1,1558,1,0,-13.218994,14.527435,-3.058014,-0.15652,0.01904,0.10234
2017-05-20T18:18:23-03:00,0.23266599999999998,0.0038450000000000003,0.9633790000000001,8.284446,-13.577426999999998,0.228688,214940.125,42,2280,2538,118,1932,1,1,4.80011,3.8804629999999998,-0.49346899999999994,-0.18997999999999998,0.00098,0.09954
2017-05-20T18:18:23-03:00,0.255981,0.024536000000000002,0.918823,15.996326999999999,-15.562401999999999,1.529655,214940.125,38,2331,2577,528,2088,1,1,2.1383669999999997,-4.0000919999999995,-2.706604,-0.15918,-0.02072,0.10038
2017-05-20T18:18:23-03:00,0.19476300000000002,0.08782999999999999,0.910645,18.610876,-12.018065,5.509008000000001,214940.125,38,2421,2761,300,2322,0,1,-1.914062,0.829926,-0.254211,-0.15988,-0.02828,0.10542
2017-05-20T18:18:23-03:00,0.35968,0.198792,0.920349,5.973358,-20.906809,12.188400999999999,214940.125,26,2459,2985,1721,2626,0,1,1.734619,26.131439,-9.136658,-0.17836,0.00812,0.09842000000000001
2017-05-20T18:18:23-03:00,0.299255,0.159607,1.075867,9.322773,-15.383794,8.438396000000001,214940.125,24,1134,3034,2064,1892,612,1,42.774811,136.892853,-33.660583,-0.16197999999999999,-0.0021,0.07447999999999999
2017-05-20T18:18:23-03:00,1.2254639999999999,-0.235657,0.793396,20.953444,-55.965687,-16.542622,214940.34375,42,7,1084,3,1,1774,1,158.56063799999998,199.862518,-84.278564,-0.22974,-0.0504,0.00126
2017-05-20T18:18:23-03:00,0.219177,0.038391,0.903625,11.953617,-13.622142000000002,2.432785,214940.34375,42,37,1101,1,1,1659,0,0.5458069999999999,-49.68338,10.938568,-0.19712000000000002,-0.01162,-0.02912
2017-05-20T18:18:23-03:00,0.339905,0.066711,0.7297359999999999,14.845254,-24.884556,5.223376999999999,214940.34375,38,64,1297,1,0,1589,1,-74.26711999999999,-187.765045,4.157104,-0.1645,-0.01806,0.01904
2017-05-20T18:18:24-03:00,0.9255979999999999,0.23101799999999997,1.190125,13.117107999999998,-37.361057,10.985214,214940.34375,68,34,1335,1,1,1274,0,-37.264404,-161.48407,47.440338,-0.19054000000000001,-0.015119999999999998,0.0917
2017-05-20T18:18:24-03:00,1.1252440000000001,-0.41363500000000003,0.042725,7.281586999999999,-69.718117,-84.102806,214939.71875,68,41,1266,1,1,1084,1,-59.051818999999995,21.473389,-12.680664,-0.15442,0.0035,0.11214
2017-05-20T18:18:24-03:00,-1.014404,0.510742,1.999756,6.369234,26.173532,14.327191000000001,214939.71875,152,184,998,1,1,3796,0,49.227295,112.50351,15.065764999999999,-0.18858,0.00728,0.1113
2017-05-20T18:18:24-03:00,-0.364502,0.34967,1.766113,7.660698,11.445205,11.199081,214939.71875,40,1916,2093,1,838,0,0,2.512207,8.852539,-2.198181,-0.21811999999999998,0.0035,0.10332000000000001
2017-05-20T18:18:24-03:00,0.305786,0.100098,0.8831180000000001,6.065386,-18.986007999999998,6.466636,214939.71875,38,2280,2380,3,1542,3946,0,8.942261,-9.944153,-2.968292,-0.19446,0.00854,0.0966
2017-05-20T18:18:24-03:00,0.285767,0.18023699999999998,0.9389649999999999,5.366768,-16.64065,10.865911,214940.75,32,2333,2568,874,2055,3928,1,-10.938568,3.282318,-2.325287,-0.1995,0.0112,0.10122
2017-05-20T18:18:24-03:00,0.299194,0.181152,0.8929440000000001,4.545073,-18.178921,11.468003,214940.75,34,2363,2715,1098,2200,3922,1,-2.3028560000000002,-0.852356,-2.781372,-0.20244,0.014280000000000001,0.09632
2017-05-20T18:18:24-03:00,0.23974600000000001,0.131226,0.933716,358.815063,-14.266098000000001,8.000022999999999,214940.75,32,2435,2922,1669,2404,3848,1,11.828308,8.351593,6.1683650000000005,-0.18466,0.03178,0.10318
2017-05-20T18:18:24-03:00,-0.059448,0.30956999999999996,0.9658200000000001,7.602608,3.354538,17.771995999999998,214940.75,20,1312,3097,2261,1924,2713,0,24.576263,106.492157,-3.289795,-0.21336,0.00364,0.0917
2017-05-20T18:18:25-03:00,0.653748,-0.419495,1.2024540000000001,2.175647,-27.173077000000003,-19.232119,214940.34375,15,1,2485,1618,1,802,1,-13.181610000000001,244.96261600000003,-64.06875600000001,-0.2058,0.0231,0.024640000000000002
2017-05-20T18:18:25-03:00,-0.11267100000000001,-0.015015,0.332825,6.340332,18.684782000000002,-2.583021,214940.34375,68,1,1182,1,1,2209,1,-49.720764,-13.981628,20.867767,-0.23268000000000003,0.0091,-0.03388
2017-05-20T18:18:25-03:00,0.344421,-0.277466,0.581177,8.263014,-28.138069,-25.520777,214940.34375,51,2,1148,1,1,2061,1,-70.640869,-200.557861,-43.873901000000004,-0.20244,0.00112,0.00798
2017-05-20T18:18:25-03:00,0.8411870000000001,0.24346900000000002,1.1347049999999999,0.630234,-35.935696,12.110121000000001,214940.34375,45,36,1373,0,1,1313,0,-28.838043,-200.03448500000002,-31.425017999999998,-0.17444,0.02436,0.08456
2017-05-20T18:18:25-03:00,0.862,0.003235,0.9141239999999999,355.945557,-43.31884,0.202755,214939.71875,45,42,1403,0,1,1231,1,37.570953,-153.506317,48.546906,-0.12054000000000001,0.02702,0.10976
2017-05-20T18:18:25-03:00,0.8425290000000001,0.021240000000000002,0.021973,20.543991000000002,-87.922653,44.028976,214939.71875,255,41,1550,1,1,1116,1,8.927307,22.527618,6.018829,-0.13412000000000002,-0.028419999999999997,0.11997999999999999
2017-05-20T18:18:25-03:00,0.46661400000000003,-0.201477,0.437561,15.322135999999999,-44.08749,-24.72393,214939.71875,255,325,993,1,1,3686,0,41.982269,148.414612,-18.138733,-0.1729,-0.02044,0.11158
2017-05-20T18:18:25-03:00,0.33783,-0.152283,0.9566040000000001,9.970203,-19.226913,-9.045074000000001,214939.71875,59,1815,1085,1,272,3937,1,-44.786072,18.654633,10.557250999999999,-0.19614,-0.00476,0.1099
2017-05-20T18:18:26-03:00,0.21020500000000003,0.136536,0.9476319999999999,358.97052,-12.383057,8.198805,214939.921875,46,2102,2041,1,1466,1,0,-6.856232,7.932892,0.216827,-0.16785999999999998,0.028419999999999997,0.11242
2017-05-20T18:18:26-03:00,0.152649,0.15686,0.898682,10.805098,-9.499238,9.900947,214939.921875,44,2263,2440,1,1845,0,1,-0.650482,18.288269,-4.665527,-0.20538,-0.00798,0.11004000000000001
2017-05-20T18:18:26-03:00,0.282288,0.129822,0.920593,11.012513,-16.889988,8.026902999999999,214939.921875,41,2369,2622,4,2190,3921,0,6.078644000000001,3.117828,-3.424377,-0.16477999999999998,-0.006999999999999999,0.10262
2017-05-20T18:18:26-03:00,0.317261,0.002686,1.178284,6.497435,-15.069834,0.130588,214940.125,15,129,2976,1879,164,725,1,23.342589999999998,148.81835900000002,-9.645081,-0.2233,0.00812,0.06748
2017-05-20T18:18:26-03:00,1.24353,0.630981,0.904236,9.069374,-48.436958000000004,34.907578,214940.125,33,1,1089,1,1,2170,0,-104.443512,244.96261600000003,23.350067000000003,-0.21308000000000002,-0.00182,-0.0015400000000000001
2017-05-20T18:18:26-03:00,0.192627,0.11193800000000001,1.116211,8.090042,-9.743292,5.726723000000001,214940.125,50,13,1324,0,1,1983,1,-0.463562,-109.266052,14.946136,-0.26194,0.00224,-0.00686
2017-05-20T18:18:26-03:00,0.7363890000000001,-0.191223,1.249268,9.482484,-30.228084999999997,-8.702615,214940.546875,33,23,1315,1,1,1842,1,-16.314392,-201.305542,-52.255402000000004,-0.23995999999999998,-0.0037799999999999995,0.05656
2017-05-20T18:18:27-03:00,1.013672,0.687195,0.745178,8.301093,-45.000046000000005,42.681896,214940.546875,33,73,1507,1,1,1448,1,11.409607000000001,-140.78826899999999,72.913818,-0.20132,0.00098,0.11717999999999999
2017-05-20T18:18:27-03:00,1.231262,-0.158936,0.156616,6.332685,-79.728088,-45.421124,214940.546875,96,42,1471,1,1,1446,0,-11.02829,17.032166,21.996765,-0.19977999999999999,0.00784,0.11494000000000001
2017-05-20T18:18:27-03:00,0.614624,0.589905,1.570862,0.484063,-20.117252,20.582634,214940.546875,52,750,897,1,1,3762,1,29.71283,103.501434,-18.923798,-0.16435999999999998,0.02338,0.1169
2017-05-20T18:18:27-03:00,0.32824699999999996,0.12329100000000001,0.8901979999999999,3.576439,-20.06465,7.885215,214940.125,46,1921,2074,1,1067,1,1,-14.288177,-8.703003,8.284302,-0.20468,0.01792,0.10682
2017-05-20T18:18:27-03:00,0.29431199999999996,0.197144,0.888611,352.034546,-17.918209,12.508805,214940.125,43,2065,2267,1,1371,1,1,-2.123413,-1.353302,-2.893524,-0.20594,0.06118,0.11045999999999999
2017-05-20T18:18:27-03:00,0.11761500000000001,0.109253,0.910034,354.676971,-7.312274,6.845803999999999,214940.125,41,2102,2341,0,1365,3947,1,-8.553467,18.303223000000003,-8.575897,-0.21266,0.05264,0.11172
2017-05-20T18:18:27-03:00,0.26416,0.163879,0.9161379999999999,3.1772240000000003,-15.845835999999998,10.141846000000001,214940.125,38,2260,2689,3,1596,3940,1,-13.839569000000001,5.084229,-1.749573,-0.21168,0.02002,0.11199999999999999
2017-05-20T18:18:28-03:00,0.301636,0.310364,0.908142,359.940094,-17.447834,18.868214000000002,214940.125,25,2256,2959,1,2278,3754,0,13.361053,15.417175,-0.209351,-0.2156,0.032760000000000004,0.10066
2017-05-20T18:18:28-03:00,0.568298,0.002075,1.251709,8.329664999999999,-24.418873,0.09498999999999999,214940.125,18,612,2993,2024,1230,645,0,54.48349,184.30328400000002,-32.150269,-0.25634,0.00112,0.07098
2017-05-20T18:18:28-03:00,1.951111,-0.30188000000000004,0.822876,13.174837,-65.808838,-20.146042,214940.125,34,1,1133,0,1,2309,1,-64.74166899999999,244.96261600000003,-36.972809000000005,-0.24388,-0.0196,-0.0357
2017-05-20T18:18:28-03:00,0.18249500000000002,-0.2052,0.931213,10.507496000000002,-10.834489,-12.426975,214940.125,34,4,948,1,1,2131,0,-32.516632,-135.008698,0.119629,-0.23296,-0.00784,-0.024919999999999998
2017-05-20T18:18:28-03:00,0.549377,-0.004761,1.030701,16.059725,-28.057965999999997,-0.264644,214940.125,48,26,1291,1,1,1845,1,-11.170349,-197.903595,-14.901276000000001,-0.2058,-0.02702,0.04718
2017-05-20T18:18:28-03:00,0.696716,0.272095,1.237061,26.288456,-28.813198,12.40483,214940.125,48,29,1662,1,0,1321,0,-26.624908,-165.476685,61.33224499999999,-0.09646,-0.0308,0.1092
2017-05-20T18:18:28-03:00,1.6594240000000002,-0.919434,0.6072390000000001,22.157293,-56.41576,-56.557281,214940.125,75,4,1617,1,1,1093,0,-36.516723999999996,-55.72464,-43.701935,-0.15245999999999998,-0.03682,0.11844
2017-05-20T18:18:28-03:00,-1.65802,0.06329299999999999,1.999756,18.506245,39.648415,1.8128400000000002,214940.125,255,614,105,0,1,3779,1,-29.19693,76.143799,66.28936800000001,-0.1512,-0.02646,0.12474
2017-05-20T18:18:28-03:00,0.397339,-0.041504,0.652039,10.982894,-31.30582,-3.6421080000000003,214940.546875,40,2149,1973,0,1481,3945,1,-10.467528999999999,31.940918,-22.654723999999998,-0.19684000000000001,-0.00826,0.11325999999999999
2017-05-20T18:18:28-03:00,0.27636700000000003,0.154846,0.9027709999999999,5.572309,-16.789921,9.732847,214940.546875,35,2361,2303,1,2003,3932,0,0.097198,10.415192,-7.230072,-0.1652,0.00868,0.11004000000000001
2017-05-20T18:18:29-03:00,0.295288,0.172729,0.9005129999999999,5.087604,-17.850653,10.858157,214940.546875,36,2489,2377,990,2364,2,0,-17.196655,7.446899,-3.977661,-0.1904,0.01162,0.11578
2017-05-20T18:18:29-03:00,0.265808,0.13684100000000002,0.927795,10.319977,-15.824222,8.390083,214940.546875,39,2553,2614,1177,2507,1,0,1.480408,7.065582000000001,1.996307,-0.17052,-0.00518,0.12152
2017-05-20T18:18:29-03:00,0.312927,0.166992,0.9439700000000001,9.00412,-18.078384,10.032071,214940.546875,27,2411,2918,1781,2631,0,0,3.132782,20.621032999999997,2.033691,-0.20804,-0.0015400000000000001,0.11382
2017-05-20T18:18:29-03:00,0.41119399999999995,0.271057,0.9038700000000001,6.292839,-23.545353,16.693209,214940.546875,21,1061,3018,2113,1629,934,1,26.550140000000003,119.486847,-36.569061,-0.18578,0.00742,0.08666
2017-05-20T18:18:29-03:00,0.660217,-0.095764,1.1949459999999998,12.210214,-28.843431,-4.581947,214940.546875,26,2,2169,982,1,820,0,63.679961999999996,244.96261600000003,-77.82608,-0.18536,-0.01176,0.021
2017-05-20T18:18:29-03:00,-0.130981,0.070312,1.080627,15.508199,6.896591,3.72278,214940.546875,26,91,1461,0,1,1506,1,61.7659,-52.083434999999994,-6.676788,-0.22582,-0.02744,-0.0294
2017-05-20T18:18:29-03:00,0.284119,0.026978,0.907043,11.849338000000001,-17.38521,1.703605,214940.546875,50,151,1631,1,1,1367,0,-55.522766000000004,-175.74233999999998,-40.000916,-0.19852,-0.011340000000000001,0.02758
2017-05-20T18:18:29-03:00,0.554321,-0.016907,1.050476,11.040414,-27.816909999999996,-0.922059,214940.546875,51,3,1612,1,1,1081,0,-33.660583,-155.181122,3.5813900000000003,-0.1792,-0.0077,0.09702000000000001
2017-05-20T18:18:30-03:00,1.134644,-0.26452600000000004,0.558411,22.885786,-61.42845500000001,-25.347523000000002,214940.546875,51,4,1309,0,0,937,1,2.83371,-102.357483,33.967133000000004,-0.16086,-0.04102,0.1162
2017-05-20T18:18:30-03:00,1.034607,0.47735600000000006,-0.172852,14.632523,-63.862564,109.905426,214940.546875,255,337,892,0,1,3291,1,-39.627075,227.40707400000002,135.14328,-0.14392,-0.01526,0.11788
2017-05-20T18:18:30-03:00,0.226746,0.153442,0.520813,14.037301000000001,-22.666422,16.416075,214940.125,40,1669,1218,1,195,3906,1,-69.900665,-22.953796,56.479797,-0.20076,-0.019180000000000003,0.10948
2017-05-20T18:18:30-03:00,0.064819,0.038879000000000004,0.982239,11.313272999999999,-3.77261,2.266723,214940.125,40,2206,2211,1,1796,1,0,10.437622,-0.485992,-14.362945999999999,-0.16422,-0.00784,0.1008
2017-05-20T18:18:30-03:00,0.29125999999999996,0.181946,0.899719,13.209098999999998,-17.604231,11.432464999999999,214940.125,36,2238,2414,1,1916,1,1,9.323578,-7.902985,-2.998199,-0.23688,-0.019180000000000003,0.10835999999999998
2017-05-20T18:18:30-03:00,0.24884,0.14721700000000001,0.914917,12.18319,-15.0309,9.140955,214940.125,34,2281,2628,419,2070,3919,1,5.17395,-0.5906680000000001,-0.687866,-0.20454,-0.01288,0.11452000000000001
2017-05-20T18:18:30-03:00,0.240723,0.200989,0.865906,6.433323000000001,-15.152379999999999,13.067744,214940.125,29,2333,2853,1211,2197,3897,0,5.577698000000001,-0.553284,2.69165,-0.22036,0.00826,0.0987
2017-05-20T18:18:30-03:00,0.048035,0.172302,0.970642,9.786433,-2.789575,10.065928999999999,214940.125,26,1975,3029,2033,2329,3287,1,13.338623000000002,37.010193,0.074768,-0.21938000000000002,-0.00462,0.09982
2017-05-20T18:18:30-03:00,-0.066833,-0.13256800000000002,1.5065309999999998,7.0929720000000005,2.530354,-5.028834,214940.125,13,26,2732,1100,1,574,0,10.736694,244.96261600000003,-43.724365,-0.24808000000000002,0.00644,0.051379999999999995
2017-05-20T18:18:31-03:00,-0.416443,-0.319397,0.498413,13.095621000000001,35.125809000000004,-32.652882,214940.125,69,17,1517,0,1,2064,0,-26.759490999999997,3.9926150000000002,-28.927765,-0.25704,-0.0203,0.006999999999999999
2017-05-20T18:18:31-03:00,0.108521,0.076416,0.792786,20.085711,-7.758975,5.505688,214940.546875,65,2,1460,1,1,2024,1,-14.318085,-126.500092,-4.28421,-0.22834000000000002,-0.04648,0.00392
2017-05-20T18:18:31-03:00,0.8474729999999999,0.416138,1.178894,21.274642999999998,-34.132496,19.442518,214940.546875,49,52,1563,1,1,1769,0,-62.84256,-227.115479,-32.950287,-0.17402,-0.0392,0.07826
2017-05-20T18:18:31-03:00,1.6740720000000002,-0.145752,1.312439,22.165993,-51.733643,-6.336975,214940.546875,49,80,1386,1,1,1187,0,54.722747999999996,-155.674591,56.419982999999995,-0.1344,-0.03248,0.12614
2017-05-20T18:18:31-03:00,0.544922,-0.548706,-0.328125,25.509473999999997,-40.441990000000004,-120.879333,214940.546875,255,135,1126,1,1,2517,1,-33.017578,-1.383209,5.787048,-0.16282,-0.04956,0.1141
2017-05-20T18:18:31-03:00,0.635498,-0.8181149999999999,1.2295530000000001,25.745237,-23.282389000000002,-33.638844,214941.359375,55,1347,1002,0,1,3905,0,-56.337738,28.367003999999998,23.394928,-0.16226,-0.05012,0.10402
2017-05-20T18:18:32-03:00,0.358948,0.135742,0.9078370000000001,4.24034,-21.357529,8.504016,214941.359375,33,2563,2588,1265,2617,3831,0,-6.033783000000001,3.506622,-2.459869,-0.1974,0.014980000000000002,0.10024
2017-05-20T18:18:32-03:00,0.311157,0.126343,0.9098510000000001,10.470119,-18.713131,7.905591,214940.125,31,2625,2753,1,2718,3730,1,-8.224487,9.861908,3.2673650000000003,-0.18242,-0.00602,0.09898
2017-05-20T18:18:32-03:00,0.307068,0.14263900000000002,0.9163209999999999,12.389429,-18.320831,8.847942,214940.125,26,2385,2966,2137,2729,3154,1,3.18512,21.256560999999998,6.676788,-0.22918000000000002,-0.01526,0.09744
2017-05-20T18:18:32-03:00,0.305786,0.262939,0.8760379999999999,17.877312,-18.485889,16.706934,214940.125,20,1115,3045,2414,2335,424,1,18.863982999999998,87.957153,-25.899658,-0.21294000000000002,-0.03486,0.0903
2017-05-20T18:18:32-03:00,0.241089,0.047607,1.2103270000000002,21.155737,-11.256992,2.2525310000000003,214940.125,18,374,2181,2213,436,1,0,85.08606,244.96261600000003,-77.25784300000001,-0.21714,-0.04844,0.012459999999999999
2017-05-20T18:18:32-03:00,0.10553,-0.30633499999999997,0.6172489999999999,24.270903,-8.706911999999999,-26.394833000000002,214940.125,18,100,1100,1,0,1626,1,-84.585114,37.518615999999994,79.613037,-0.1834,-0.05152,-0.06342
2017-05-20T18:18:32-03:00,0.358704,-0.502258,0.966675,20.824917000000003,-18.225507999999998,-27.455177000000003,214940.125,58,147,1009,0,1,1814,0,-43.843994,-194.598846,22.45285,-0.25158,-0.0546,-0.027860000000000003
2017-05-20T18:18:32-03:00,0.8059689999999999,-0.153198,1.1748049999999999,17.366798,-34.226887,-7.429626,214940.125,43,160,1230,0,1,1336,0,-69.95300300000001,-201.99340800000002,-95.523682,-0.2373,-0.036680000000000004,0.06047999999999999
2017-05-20T18:18:32-03:00,0.814331,0.038452,0.9429930000000001,31.778593,-40.789032,2.335039,214940.125,43,206,1237,1,1,1292,0,12.052612,-141.476135,38.251343,-0.10976,-0.04704,0.11997999999999999
2017-05-20T18:18:33-03:00,0.88208,-0.48693800000000004,-0.24231,24.539539,-58.341755000000006,-116.45578799999998,214941.359375,145,328,1027,0,1,2747,0,-27.581940000000003,208.789825,-32.097931,-0.1498,-0.042839999999999996,0.12292
2017-05-20T18:18:33-03:00,0.72345,-0.659058,0.549072,27.773682,-40.143234,-50.201736,214941.359375,55,1338,1082,1,1,3888,0,2.699127,89.93103,-37.638245,-0.1484,-0.051660000000000005,0.1141
2017-05-20T18:18:33-03:00,0.325928,0.198792,0.897827,17.106501,-19.516077,12.484672999999999,214941.359375,38,2224,2511,1,1773,3938,0,-19.753723,27.798766999999998,-10.377808,-0.18395999999999998,-0.02758,0.1211
2017-05-20T18:18:33-03:00,0.340881,0.152832,0.9038700000000001,22.509027,-20.398016000000002,9.59716,214941.359375,30,2402,2708,934,2105,3915,0,-7.5291440000000005,5.8094790000000005,-2.003784,-0.17612,-0.043680000000000004,0.11997999999999999
2017-05-20T18:18:33-03:00,0.294373,0.131348,0.896545,14.191204,-17.99758,8.334778,214940.546875,35,2435,2776,1145,2316,3888,1,-4.172058,0.49346899999999994,-1.435547,-0.18382,-0.01806,0.11185999999999999
2017-05-20T18:18:33-03:00,0.226929,0.123047,0.899048,17.976879,-14.040488,7.793283,214940.546875,33,2480,2886,1342,2407,3860,1,0.269165,-1.3308719999999998,1.6523740000000002,-0.15904000000000001,-0.02632,0.11284000000000001
2017-05-20T18:18:33-03:00,0.26818800000000004,0.171204,0.936951,6.246093,-15.725809,10.355091,214940.546875,22,2269,3058,2156,2560,3417,1,9.817047,31.761475,0.13458299999999998,-0.19236,0.00784,0.105
2017-05-20T18:18:33-03:00,0.47143599999999997,0.112122,0.9329219999999999,13.980336999999999,-26.643908000000003,6.85312,214940.546875,16,680,3063,2377,1373,482,0,22.093964,102.821045,-10.878753999999999,-0.2177,-0.02058,0.07574
2017-05-20T18:18:34-03:00,0.846924,-0.151367,0.910278,22.299843,-42.545662,-9.441139,214940.546875,21,22,1809,1357,0,892,1,101.66214000000001,244.96261600000003,-53.24981700000001,-0.21504,-0.0525,0.0182
2017-05-20T18:18:34-03:00,-0.20733600000000002,-0.037903,0.773926,22.107038,14.980341000000001,-2.803807,214940.546875,21,5,1079,1,1,1779,0,-2.400055,-8.441315,30.632477,-0.22288000000000002,-0.05362000000000001,-0.0336
2017-05-20T18:18:34-03:00,0.400818,-0.230713,0.846741,18.01465,-24.546917,-15.241488,214940.546875,43,63,1152,1,1,1661,1,-74.09515400000001,-191.742706,-28.546447999999998,-0.23506,-0.039060000000000004,0.00896
2017-05-20T18:18:34-03:00,0.8319700000000001,0.125122,1.138916,22.574369,-35.98431,6.269411,214940.546875,37,31,1260,1,1,1314,1,-30.393219000000002,-197.417603,0.059814,-0.18032,-0.04494,0.10178
2017-05-20T18:18:34-03:00,1.4003299999999999,0.082458,0.714417,25.343147000000002,-62.816582,6.583989,214940.34375,37,50,1249,1,1,806,1,48.464661,-142.373352,34.034424,-0.14966,-0.04508,0.12012
2017-05-20T18:18:34-03:00,1.35791,-0.202087,-0.18512,36.092003000000005,-78.58959200000001,-132.490845,214940.34375,255,325,926,0,1,3126,1,-91.70303299999999,144.76593,18.564911,-0.10752,-0.055999999999999994,0.10737999999999999
2017-05-20T18:18:34-03:00,1.061523,-0.081482,0.758179,26.093117000000003,-54.308448999999996,-6.134069,214940.34375,45,1893,1730,0,1018,3932,0,-96.622772,-18.108826,75.747528,-0.12334,-0.038919999999999996,0.12054000000000001
2017-05-20T18:18:34-03:00,0.21606399999999998,0.231812,0.982483,20.638012,-12.081278,13.275828,214940.34375,28,2326,2538,268,2086,3930,1,-14.744263,-7.850647,-2.467346,-0.17892,-0.03822,0.11395999999999999
2017-05-20T18:18:34-03:00,0.260803,0.16436800000000001,0.89679,16.702948000000003,-15.963373,10.386154,214940.953125,30,2436,2721,1182,2357,3886,1,-4.583282,3.74588,-1.794434,-0.15694,-0.0224,0.12516
2017-05-20T18:18:35-03:00,0.240173,0.099731,0.9074709999999999,14.255970999999999,-14.739303,6.271662999999999,214940.953125,32,2471,2834,1496,2508,3800,0,-3.813171,3.506622,1.218719,-0.16058,-0.01596,0.1183
2017-05-20T18:18:35-03:00,0.309814,0.11914100000000001,0.890869,18.343582,-19.018953,7.6172699999999995,214940.953125,32,2416,2987,1969,2568,1,1,-0.680389,8.276825,1.6972349999999998,-0.1855,-0.03192,0.11045999999999999
2017-05-20T18:18:35-03:00,0.18689,0.20843499999999998,0.9202879999999999,10.935193,-11.203062,12.761557,214940.953125,24,1902,3072,2393,2507,2592,1,14.011535999999998,55.096588,-7.200164999999999,-0.1736,-0.0071400000000000005,0.11045999999999999
2017-05-20T18:18:35-03:00,-0.12262,0.24706999999999998,1.323975,15.719496,5.202044,10.570528999999999,214941.765625,22,502,2927,2466,1031,4,1,5.966492,176.759186,-8.134766,-0.20454,-0.02562,0.08834
2017-05-20T18:18:35-03:00,1.7143549999999999,-0.9071040000000001,0.651489,19.346626,-56.917801000000004,-54.313807999999995,214941.765625,56,2,848,1,1,2167,0,121.40090900000001,149.558563,-89.400177,-0.18774000000000002,-0.0357,-0.033319999999999995
2017-05-20T18:18:35-03:00,0.277405,0.10485799999999999,0.976074,28.793602000000003,-15.779160999999998,6.131696,214941.765625,56,95,1206,0,1,1855,1,-72.921295,-105.871582,-27.798766999999998,-0.1981,-0.07293999999999999,-0.007559999999999999
2017-05-20T18:18:35-03:00,0.7382810000000001,-0.19860799999999998,1.047607,29.660922999999997,-34.698643,-10.734898,214941.765625,36,150,1355,1,1,1466,1,-95.583496,-215.840454,-2.915955,-0.14854,-0.057260000000000005,0.06874
2017-05-20T18:18:35-03:00,1.298218,-0.074158,0.7109989999999999,21.3225,-61.1609,-5.954465,214940.546875,53,427,1246,1,1,1832,0,-14.968567000000002,-63.141631999999994,109.041748,-0.16282,-0.03682,0.12404000000000001
2017-05-20T18:18:36-03:00,1.3267209999999998,-0.9507450000000001,-0.518188,19.928053,-50.780743,-118.591904,214940.546875,41,626,912,1,1,3336,0,-7.3272710000000005,-9.076842999999998,-62.513580000000005,-0.16184,-0.03248,0.1127
2017-05-20T18:18:36-03:00,1.293274,-0.399414,0.662231,19.943497,-59.121235,-31.095591,214940.546875,38,1901,2463,905,1730,3819,0,-49.51889,-32.830658,54.161986999999996,-0.17276,-0.03472,0.10948
2017-05-20T18:18:36-03:00,0.318481,0.13189700000000001,0.9495239999999999,16.614588,-18.377613,7.9082669999999995,214940.546875,29,2313,2848,1499,2253,3899,0,1.4280700000000002,12.389069000000001,-3.3570860000000002,-0.16464,-0.02324,0.12264000000000001
2017-05-20T18:18:37-03:00,0.119202,-0.092285,1.0492549999999998,20.342905,-6.45664,-5.026401,214940.546875,76,5,1321,1,1,2168,1,21.107025,-50.03479,-35.619507,-0.23800000000000002,-0.04956,0.03374
2017-05-20T18:18:37-03:00,0.48358199999999996,0.21991,1.0599370000000001,29.065586,-24.071409,11.721113,214940.546875,48,98,1451,0,1,1828,0,-40.270081,-162.09716799999998,-57.548981000000005,-0.16226,-0.06062000000000001,0.0819
2017-05-20T18:18:37-03:00,0.656982,0.170532,1.233582,17.860796,-27.814518,7.8707720000000005,214940.546875,71,39,1571,1,1,1526,0,-15.544281,-176.564789,19.394835999999998,-0.13622,-0.02226,0.12642
2017-05-20T18:18:37-03:00,0.8947139999999999,0.191895,0.8478389999999999,24.462051000000002,-45.825928000000005,12.75309,214941.15625,71,3,1677,1,1,1150,0,-7.716064,-107.71835300000001,53.533936,-0.06692000000000001,-0.01904,0.12908
2017-05-20T18:18:37-03:00,0.7773439999999999,-0.058411000000000005,0.135376,15.797785999999999,-79.260223,-23.338739,214941.15625,255,4,1702,1,1,1207,0,-15.103148999999998,0.112152,-23.664092999999998,-0.08512,-0.01078,0.14518
2017-05-20T18:18:37-03:00,0.21740700000000002,0.185364,0.536194,34.202,-20.967385999999998,19.070415,214941.15625,255,302,1382,1,1,3606,0,98.64151,244.96261600000003,-4.583282,-0.0686,-0.0329,0.1386
2017-05-20T18:18:37-03:00,0.46203599999999995,0.08709700000000001,0.8123779999999999,22.099712,-29.488356,6.119455,214941.15625,119,1178,1068,1,0,3895,0,-8.3815,34.011993,-7.342224000000001,-0.13915999999999998,-0.033460000000000004,0.12558
2017-05-20T18:18:37-03:00,0.095459,0.2854,0.860901,11.540027,-6.008252,18.341063000000002,214941.359375,74,1923,1647,1,336,3949,1,-43.133697999999995,5.637512,18.467712,-0.15162,-0.00784,0.12838
2017-05-20T18:18:37-03:00,0.238708,0.15918,0.924683,29.039713,-14.273793,9.767463000000001,214941.359375,58,2087,2108,0,1010,1,2,-8.695526,7.686157000000001,1.211243,-0.08217999999999999,-0.030660000000000003,0.1267
2017-05-20T18:18:38-03:00,0.186401,0.218811,0.928162,11.814263,-11.060162,13.265088,214941.359375,57,2162,2390,1,1562,1,1,-3.22998,7.873077,-1.622467,-0.13874,-0.00784,0.13468
2017-05-20T18:18:38-03:00,0.244812,0.16748,0.932068,7.935737,-14.494462,10.186602,214941.359375,45,2280,2602,1,1927,1,0,4.42627,4.912262,-1.704712,-0.1743,0.00196,0.12572
2017-05-20T18:18:38-03:00,0.247131,0.262207,0.875732,15.231507999999998,-15.127822,16.668464999999998,214940.546875,37,2382,2926,1567,2262,3849,1,-7.686157000000001,25.892181,5.802002,-0.13566,-0.015819999999999997,0.12516
2017-05-20T18:18:38-03:00,0.815674,0.194153,1.125977,20.723701000000002,-35.52227,9.783342,214940.546875,46,63,1374,1,1,1848,0,-41.645813000000004,-234.89135699999997,-40.898132000000004,-0.16785999999999998,-0.03612,0.0679
2017-05-20T18:18:38-03:00,1.230408,0.125854,1.0889280000000001,24.197879999999998,-48.301983,6.5927929999999995,214940.546875,46,74,1569,1,1,1193,1,-27.723999,-183.26400800000002,41.593475,-0.15875999999999998,-0.04438,0.12852
2017-05-20T18:18:38-03:00,1.396667,-0.179199,-0.207825,24.145557,-78.88421600000001,-139.230072,214940.546875,255,160,1606,1,1,1235,1,4.321594,70.738068,3.37204,-0.13972,-0.038919999999999996,0.13384000000000001
2017-05-20T18:18:39-03:00,0.8604129999999999,-0.271179,0.635559,24.078298999999998,-51.232166,-23.106886,214940.546875,255,587,808,1,1,3786,1,111.09039299999999,231.16043100000002,-30.168915000000002,-0.12824000000000002,-0.03556,0.1267
2017-05-20T18:18:39-03:00,0.975891,0.247131,0.9006959999999999,17.497398,-46.256989000000004,15.343126999999999,214941.5625,48,2059,1798,1,1339,0,0,-45.204772999999996,24.456635000000002,75.216675,-0.18648,-0.02926,0.10597999999999999
2017-05-20T18:18:39-03:00,0.180176,0.19653299999999999,0.895264,10.148774000000001,-11.121039999999999,12.381484,214941.5625,42,2240,2253,1,1902,2,0,0.56076,14.916229000000001,-6.347809,-0.18914,-0.00518,0.11382
2017-05-20T18:18:39-03:00,0.33783,0.15466300000000002,0.8850100000000001,21.677053,-20.607530999999998,9.912825999999999,214941.359375,30,2482,2939,2029,2668,1,0,6.437531,12.08252,-3.828125,-0.1372,-0.03192,0.10528
2017-05-20T18:18:39-03:00,0.300781,0.17193599999999998,0.8739620000000001,15.832423,-18.659073,11.129757000000001,214941.359375,20,1643,3055,2386,2378,1083,0,28.568878,99.15741,-19.215393,-0.18592,-0.02366,0.091
2017-05-20T18:18:39-03:00,0.820312,0.673279,1.001831,15.62781,-34.200069,33.903008,214941.359375,18,25,2600,1659,1,2,0,-5.704803,244.96261600000003,-60.950928000000005,-0.21741999999999997,-0.02688,0.05152
2017-05-20T18:18:40-03:00,-0.26318400000000003,0.298401,0.556396,18.121613,22.628785999999998,28.205095,214941.359375,87,130,1374,0,1,1415,0,-46.82724,28.546447999999998,52.449799,-0.21322,-0.03584,-0.01316
2017-05-20T18:18:40-03:00,0.14843800000000001,-0.421875,0.87085,9.234121,-8.721138,-25.847437,214940.546875,64,79,1262,1,1,1783,0,-65.923004,-183.73504599999998,-11.970367,-0.20845999999999998,-0.00238,0.022680000000000002
2017-05-20T18:18:40-03:00,0.9608760000000001,0.408752,1.19165,22.515593,-37.333427,18.932671,214940.546875,37,165,1330,1,1,1036,1,-54.887238,-237.20916699999998,-45.451508000000004,-0.15008,-0.037239999999999995,0.0994
2017-05-20T18:18:40-03:00,1.3255620000000001,0.255188,0.584717,18.999397000000002,-64.299042,23.577904,214940.546875,37,182,1313,1,1,502,0,67.463226,-170.508575,117.595215,-0.13552,-0.024919999999999998,0.12922
2017-05-20T18:18:40-03:00,0.790588,0.504761,-0.48858599999999996,16.278868,-48.376568,134.06715400000002,214940.546875,255,237,1039,1,1,2988,1,-24.381866,119.27002,29.742736999999998,-0.1512,-0.02044,0.11997999999999999
2017-05-20T18:18:40-03:00,0.5547489999999999,-0.302124,0.947815,17.666998,-29.146088,-17.680120000000002,214941.5625,53,1645,1117,1,1,3924,1,-37.698059,42.221527,20.015411,-0.19082000000000002,-0.03052,0.10346
2017-05-20T18:18:40-03:00,0.098511,0.255127,0.8894040000000001,5.075449,-6.077199,16.005617,214941.5625,32,2269,2256,1,1743,3932,0,7.073059,49.862823,-16.291961999999998,-0.16002,0.0098,0.10528
2017-05-20T18:18:40-03:00,0.293457,0.08520499999999999,0.924133,16.128937,-17.547329,5.267777,214941.5625,33,2419,2420,84,2245,3901,0,2.826233,-1.375732,-2.190704,-0.19544,-0.0259,0.1036
2017-05-20T18:18:41-03:00,0.251343,0.09600800000000001,0.936707,6.136976,-14.945376000000001,5.852129,214941.5625,34,2494,2577,660,2435,3867,1,-4.979553,3.7159730000000004,-0.927124,-0.18704,0.00798,0.11045999999999999
2017-05-20T18:18:41-03:00,0.318848,0.169373,0.886841,13.763359,-19.45063,10.812382000000001,214941.15625,33,2531,2755,1,2564,3786,1,-3.693542,12.99469,4.583282,-0.196,-0.01778,0.10794000000000001
2017-05-20T18:18:41-03:00,0.276794,0.218567,0.8978879999999999,9.646175,-16.674337,13.681045999999998,214941.15625,28,2484,2877,1866,2687,0,0,6.033783000000001,14.579773000000001,-6.945953,-0.22568000000000002,-0.0042,0.09813999999999999
2017-05-20T18:18:41-03:00,0.213867,0.08416699999999999,0.8963620000000001,10.613745,-13.362910999999999,5.364285,214941.15625,23,1964,3018,2161,2689,668,0,16.000366,62.214507999999995,-13.495636,-0.22078000000000003,-0.00784,0.091
2017-05-20T18:18:41-03:00,-0.36236599999999997,0.20385699999999998,1.341675,4.104783,14.950313000000001,8.639583,214941.15625,17,801,2691,2135,1362,1,0,-1.173859,203.58596799999998,-49.272156,-0.21644000000000002,0.01694,0.05026
2017-05-20T18:18:41-03:00,1.3218379999999998,-1.6843869999999999,0.6232300000000001,26.472176,-36.352871,-69.695328,214941.15625,80,15,838,1,1,1895,1,190.135193,61.810759999999995,-60.71167,-0.19124000000000002,-0.061739999999999996,-0.05824
2017-05-20T18:18:41-03:00,0.28234899999999996,-0.131348,1.2058719999999998,18.722685000000002,-13.103307000000001,-6.216345,214941.15625,76,82,642,1,1,2192,0,30.505371000000004,-157.132568,54.094696,-0.20034000000000002,-0.03584,-0.056839999999999995
2017-05-20T18:18:41-03:00,0.8032229999999999,-0.460938,1.27179,16.612926,-30.70072,-19.922148,214941.15625,38,119,799,0,1,1739,1,-69.594116,-222.464905,-73.811035,-0.26586,-0.03752,0.03934
2017-05-20T18:18:41-03:00,0.790161,0.053772,1.121826,8.142636,-35.128105,2.744232,214941.15625,38,202,1156,1,1,616,1,-28.112793,-112.697906,48.599243,-0.16505999999999998,0.00126,0.11984000000000002
2017-05-20T18:18:42-03:00,0.8297120000000001,-0.628479,0.402893,25.380381,-48.020786,-57.33766899999999,214941.5625,97,238,1387,1,1,666,1,-15.334929999999998,-55.492858999999996,-44.113159,-0.13818,-0.04172,0.13272
2017-05-20T18:18:42-03:00,-0.920715,0.965576,1.767334,21.664486,24.568907,28.649818,214941.5625,255,670,162,0,1,3655,0,-62.461243,25.47348,10.661926,-0.14336,-0.033319999999999995,0.14476
2017-05-20T18:18:42-03:00,0.44470200000000004,1.374939,1.939758,9.848173,-10.59397,35.329769,214941.5625,43,1954,1863,1,1361,12,0,-45.384215999999995,5.6300349999999995,56.554565000000004,-0.1834,-0.00406,0.13412000000000002
2017-05-20T18:18:42-03:00,0.221313,0.190369,0.8538819999999999,7.910883,-14.196527,12.568263,214941.5625,39,2298,2552,275,2107,3943,1,8.366547,-5.914154,-0.755157,-0.1918,0.00224,0.13902
2017-05-20T18:18:42-03:00,0.251587,0.128235,0.915588,12.130297,-15.223028,7.972832,214941.359375,38,2370,2731,1091,2320,3903,1,6.220703,-1.585083,-2.6766970000000003,-0.15344000000000002,-0.00952,0.13594
2017-05-20T18:18:42-03:00,0.23663299999999998,0.135193,0.9202879999999999,8.718843,-14.273228,8.357134,214941.359375,38,2448,2822,1226,2481,3868,0,4.201965,-1.6000370000000002,-1.517792,-0.17332,-0.00042,0.13692000000000001
2017-05-20T18:18:42-03:00,0.269592,0.168579,0.893433,8.337017,-16.515966,10.68534,214941.359375,28,2454,3005,1812,2617,2,1,2.781372,10.803986,-1.7645259999999998,-0.16505999999999998,0.0007,0.1351
2017-05-20T18:18:42-03:00,0.022705,0.20965599999999998,0.9379270000000001,10.214184,-1.353344,12.600244,214941.359375,20,1899,3110,2410,2644,2354,1,24.030457000000002,70.132446,-7.768402,-0.19138,-0.0054600000000000004,0.12418
2017-05-20T18:18:43-03:00,-0.24475100000000002,0.389099,1.369812,11.042817,9.752446,15.857353,214941.15625,18,307,2648,2286,601,2,0,-18.475189,244.96261600000003,-65.100555,-0.24738000000000002,-0.01064,0.07364
2017-05-20T18:18:43-03:00,0.9218139999999999,0.055480999999999996,1.291992,22.334823999999998,-35.48225,2.458895,214941.15625,61,162,1537,0,0,1395,0,-89.385223,-235.646515,-38.782196,-0.1813,-0.04438,0.09477999999999999
2017-05-20T18:18:43-03:00,1.009583,0.050354,0.625854,15.299879999999998,-58.121803,4.599904,214940.953125,61,172,1569,0,1,670,0,51.403046,-183.17428600000002,62.595825,-0.13902,-0.016380000000000002,0.13524
2017-05-20T18:18:43-03:00,1.199768,-0.483154,-0.367004,37.593708,-63.173717,-127.220329,214940.953125,255,339,1601,1,1,1011,1,-41.46637,59.343414,-35.103607000000004,-0.0833,-0.0462,0.12012
2017-05-20T18:18:43-03:00,1.09491,-1.281616,1.431946,28.498611,-29.672541,-41.829094,214940.953125,255,1340,1101,1,1,3932,1,18.063965,0.426178,-11.21521,-0.13985999999999998,-0.05068,0.11662
2017-05-20T18:18:43-03:00,0.24169899999999997,0.352966,0.9592290000000001,14.700669,-13.304414999999999,20.202049,214940.953125,41,2233,2202,1,1759,2,0,10.923615,39.35791,-13.286285000000001,-0.1645,-0.01764,0.12544
2017-05-20T18:18:43-03:00,0.291199,0.070801,0.8995360000000001,12.059600999999999,-17.88608,4.500364,214942.390625,32,2464,2578,787,2403,0,0,3.8206480000000003,8.590850999999999,-2.915955,-0.17038,-0.01036,0.11717999999999999
2017-05-20T18:18:44-03:00,0.221375,0.071899,0.934204,13.209864999999999,-13.293337,4.400995,214942.390625,32,2525,2761,1186,2619,0,1,0.9944149999999999,4.687958,-2.452393,-0.15386,-0.012459999999999999,0.12445999999999999
2017-05-20T18:18:44-03:00,0.29388400000000003,0.101501,0.9096069999999999,17.239023,-17.801634,6.367196,214942.390625,32,2544,2891,1641,2718,2,1,0.029907,8.3815,2.736511,-0.13146,-0.02002,0.11606
2017-05-20T18:18:44-03:00,0.257324,0.115723,0.921509,18.337141,-15.48625,7.157709,214942.390625,26,2250,3032,2114,2758,2328,0,13.697510000000001,29.099731,-0.852356,-0.18074,-0.03108,0.10976
2017-05-20T18:18:44-03:00,0.35925300000000004,0.158203,1.169678,21.839333,-16.928520000000002,7.702717999999999,214941.984375,23,1353,3017,2382,2032,3,0,43.799133000000005,121.59530600000001,-25.742645,-0.19012,-0.0448,0.08764
2017-05-20T18:18:44-03:00,1.9887700000000001,0.247925,0.553955,28.832069,-73.029602,24.111094,214941.984375,23,391,729,1,0,657,1,177.761078,207.91503899999998,-191.189423,-0.19124000000000002,-0.07056,-0.01554
2017-05-20T18:18:44-03:00,-0.013672,0.784302,0.31433099999999997,23.883881,0.927009,68.160164,214941.984375,90,103,1071,1,1,1377,0,-6.863708,-39.664459,98.035889,-0.20874,-0.057120000000000004,-0.027719999999999998
2017-05-20T18:18:45-03:00,0.798584,-0.423828,0.527771,28.752115000000003,-49.715195,-38.766312,214941.5625,78,346,1543,0,1,478,0,-12.344208,-90.349731,7.63382,-0.0987,-0.03626,0.12347999999999999
2017-05-20T18:18:45-03:00,-0.369873,0.409119,1.515747,11.048117999999999,13.256556,15.104885999999999,214941.5625,255,534,944,1,1,3789,1,-60.098572,-39.612122,82.095337,-0.12992,-0.0056,0.1288
2017-05-20T18:18:45-03:00,0.394775,-0.499878,0.991577,22.762369,-19.570747,-26.753775,214941.5625,58,2180,1340,1,1544,1676,1,-102.32757600000001,-30.99884,40.494385,-0.12908,-0.032619999999999996,0.11928
2017-05-20T18:18:45-03:00,0.346619,-0.156128,0.983276,14.317735,-19.195688,-9.022296,214941.359375,46,2487,2280,88,2444,1,0,16.576079999999997,3.6187739999999997,-7.416992,-0.17556,-0.01764,0.11284000000000001
2017-05-20T18:18:45-03:00,0.276855,0.036682,0.9385379999999999,22.299566,-16.423460000000002,2.238229,214941.359375,37,2570,2567,1250,2614,1,1,-2.886047,5.547791,-0.171967,-0.16114,-0.03934,0.11788
2017-05-20T18:18:47-03:00,0.261353,0.088989,0.90686,11.516906,-16.003807000000002,5.604432,214941.359375,42,2583,2741,1482,2667,1,0,-4.530945,2.639313,1.816864,-0.16646,-0.00854,0.11256
2017-05-20T18:18:47-03:00,0.27124000000000004,0.097473,0.909302,17.836044,-16.520139999999998,6.118491000000001,214941.765625,40,2566,2809,1350,2640,3845,1,-5.570221,8.695526,3.162689,-0.18298,-0.02982,0.11746
2017-05-20T18:18:47-03:00,0.247437,0.167664,0.9223020000000001,15.645079999999998,-14.786287,10.303177999999999,214941.765625,22,2396,3054,2085,2717,1,1,3.013153,18.16864,5.3160099999999995,-0.19768,-0.0245,0.10794000000000001
2017-05-20T18:18:47-03:00,0.343323,0.159851,1.002991,18.7162,-18.676945,9.055325999999999,214941.765625,17,1174,3119,2280,1842,692,0,33.309174,106.970673,-25.518341,-0.19264,-0.03444,0.09548
2017-05-20T18:18:47-03:00,0.42675799999999997,0.14746099999999998,1.189209,15.243044,-19.602396,7.068549000000001,214941.765625,25,18,2157,1686,215,3,1,111.66610700000001,244.96261600000003,-95.291901,-0.19894,-0.02324,0.00434
2017-05-20T18:18:47-03:00,0.001465,0.332458,0.453125,21.79952,-0.149339,36.267551,214940.546875,25,58,1165,0,1,1795,1,-27.320251000000003,-37.638245,51.634827,-0.23421999999999998,-0.055020000000000006,-0.04116
2017-05-20T18:18:47-03:00,0.45343,-0.325378,1.0494379999999999,18.107533,-22.425369,-17.226051000000002,214940.546875,49,111,1314,1,1,1829,0,-60.487366,-196.737213,14.250793,-0.21938000000000002,-0.03682,0.00434
2017-05-20T18:18:47-03:00,1.005798,0.12579300000000002,1.394836,19.214939,-35.68486,5.153283999999999,214940.546875,43,90,1485,0,1,1358,1,-38.415833,-228.453827,4.224396,-0.19012,-0.0357,0.084
2017-05-20T18:18:48-03:00,1.238708,-0.178345,0.759888,18.339645,-57.784126,-13.208196,214940.546875,43,89,1505,1,0,631,1,7.798309,-138.029327,21.286469,-0.11802,-0.0203,0.13985999999999998
2017-05-20T18:18:48-03:00,1.5854489999999999,0.38006599999999996,0.658813,10.88664,-64.371727,29.980415,214942.59375,255,230,852,1,1,3526,1,-36.987762,22.206116,79.47845500000001,-0.15988,-0.00644,0.13454000000000002
2017-05-20T18:18:48-03:00,1.018982,-0.6896359999999999,1.133057,14.067226000000002,-37.531979,-31.326834,214942.59375,48,1699,1479,0,76,3935,0,-70.26702900000001,-19.006042,-1.353302,-0.20986,-0.02016,0.1197
2017-05-20T18:18:48-03:00,0.122375,0.24041700000000002,0.9035639999999999,13.372496,-7.456633,14.899857,214942.59375,38,2237,2320,0,1917,1,1,19.237823000000002,46.371155,-21.129456,-0.20706,-0.01736,0.12782000000000002
2017-05-20T18:18:48-03:00,0.2724,0.13092,0.931458,8.351002000000001,-16.150921,8.000760000000001,214942.59375,38,2411,2494,389,2336,1,1,-3.9328,1.061707,-3.409424,-0.17514000000000002,0.0007,0.11564
2017-05-20T18:18:48-03:00,0.236145,0.06762699999999999,0.941895,3.4957089999999997,-14.039968,4.106725,214940.953125,35,2542,2665,1137,2597,1,1,-1.816864,5.166473000000001,-1.502838,-0.15106,0.01344,0.13005999999999998
2017-05-20T18:18:48-03:00,0.335083,0.129883,0.877625,10.929278,-20.691202,8.418303,214940.953125,36,2530,2907,1803,2708,1,1,-3.506622,11.708679,2.8561400000000003,-0.1638,-0.00672,0.11914000000000001
2017-05-20T18:18:48-03:00,0.23101799999999997,0.13000499999999998,0.943787,12.182899,-13.630451,7.843031,214940.953125,22,2219,3037,2265,2734,2888,0,12.08252,28.150177000000003,2.2505189999999997,-0.20678000000000002,-0.013019999999999999,0.11592000000000001
2017-05-20T18:18:49-03:00,0.262268,0.07543899999999999,0.975037,9.472385000000001,-15.012405,4.424212000000001,214940.953125,17,632,3049,2466,1379,4,0,7.125397,124.556122,-15.559235000000001,-0.2247,-0.0035,0.08036
2017-05-20T18:18:49-03:00,0.9307860000000001,-0.046997000000000004,0.8983760000000001,14.948986999999999,-45.975956,-2.9946040000000003,214941.984375,25,40,1926,1696,320,1308,1,68.853912,244.96261600000003,-103.516388,-0.24458000000000002,-0.0273,0.0077
2017-05-20T18:18:49-03:00,-0.095886,0.314697,0.873108,22.700064,5.898621,19.820857999999998,214941.984375,92,64,1073,1,1,2094,1,-47.462769,-47.320709,54.453582999999995,-0.20257999999999998,-0.050960000000000005,-0.057260000000000005
2017-05-20T18:18:49-03:00,0.529724,-0.6195069999999999,0.918213,7.015898,-25.558922,-34.00705,214941.984375,37,117,967,1,1,1861,1,-94.394684,-237.52319300000002,-21.817322,-0.27174,0.00742,0.010920000000000001
2017-05-20T18:18:49-03:00,1.02179,0.253845,1.366333,17.197062,-36.32526,10.524742999999999,214941.984375,48,184,1151,0,0,1383,0,-18.819122,-229.919281,7.536621,-0.16814,-0.025480000000000003,0.10234
2017-05-20T18:18:49-03:00,1.104309,-0.081238,0.424683,20.976597,-68.617599,-10.82932,214942.1875,48,224,1359,1,1,537,1,50.603027000000004,-142.268677,10.826416,-0.1414,-0.03108,0.12684
2017-05-20T18:18:49-03:00,-0.135437,0.180176,1.004944,24.824939999999998,7.556482000000001,10.164532000000001,214942.1875,255,452,1064,0,1,3627,1,-62.879943999999995,-121.49063100000001,13.3461,-0.14126,-0.04116,0.13216
2017-05-20T18:18:51-03:00,0.9863280000000001,-0.2771,0.044739,19.558398999999998,-74.114769,-80.828529,214942.390625,159,444,1676,0,1,872,1,25.929565,34.176483000000005,-14.056396,-0.10248,-0.019880000000000002,0.12025999999999999
2017-05-20T18:18:51-03:00,0.404907,1.207642,1.078125,21.405483,-14.042532999999999,48.243038,214942.390625,255,659,458,1,1,3870,0,58.74527,175.891876,-19.297638,-0.11438,-0.026039999999999997,0.13538
2017-05-20T18:18:51-03:00,0.195251,0.115723,0.42303500000000005,16.760231,-23.998285,15.299176000000001,214942.390625,44,2234,2085,1,1933,1,1,-8.329163000000001,39.679413000000004,-22.542572,-0.1792,-0.02576,0.12292
2017-05-20T18:18:51-03:00,0.31451399999999996,0.000305,0.922485,17.006969,-18.826406,0.018955,214941.359375,45,2483,2459,542,2447,1,0,4.650574,1.8766779999999998,-4.381409,-0.16632,-0.024640000000000002,0.11900000000000001
2017-05-20T18:18:51-03:00,0.290771,0.065125,0.909546,13.643617,-17.686041,4.095453,214941.359375,39,2552,2543,1144,2587,1,0,-1.6972349999999998,2.347717,-2.3028560000000002,-0.17695999999999998,-0.01568,0.11284000000000001
2017-05-20T18:18:51-03:00,0.18823199999999998,0.065002,0.9439700000000001,13.76891,-11.251196,3.9392099999999997,214941.359375,32,2602,2756,1399,2693,0,0,-10.280609,8.964691,4.104767,-0.13104000000000002,-0.0119,0.11144000000000001
2017-05-20T18:18:51-03:00,0.299622,0.143372,0.9039309999999999,16.048607,-18.127047,9.012553,214941.359375,31,2461,2952,2190,2733,14,0,1.4280700000000002,13.009644,3.1103520000000002,-0.17514000000000002,-0.022959999999999998,0.11242
2017-05-20T18:18:51-03:00,0.266357,0.102173,0.93634,17.550554,-15.790257999999998,6.2274389999999995,214941.359375,20,1140,3068,2523,2190,373,1,31.768951,96.809692,-19.708862,-0.19866,-0.03136,0.09884
2017-05-20T18:18:52-03:00,0.854492,0.548279,0.72406,10.195382,-43.253997999999996,37.134037,214941.359375,21,79,2206,1855,341,397,1,109.81185900000001,244.96261600000003,-53.175049,-0.18367999999999998,-0.00518,0.04172
2017-05-20T18:18:52-03:00,0.023865,0.24597199999999997,0.296387,21.719735999999997,-3.545561,39.68932,214941.359375,87,137,1023,1,1,1637,1,-12.852631,-33.578339,37.533569,-0.2219,-0.0518,-0.032760000000000004
2017-05-20T18:18:52-03:00,0.416626,-0.299011,0.8396,14.26557,-25.054207,-19.602619,214941.359375,51,174,1065,0,1,1612,0,-80.10650600000001,-200.684967,7.4842830000000005,-0.22218000000000002,-0.022119999999999997,0.0133
2017-05-20T18:18:52-03:00,0.788086,0.185425,1.088013,14.937707000000001,-35.528351,9.671722,214942.390625,44,264,1230,0,1,1301,0,-19.835967999999998,-190.725861,27.723999,-0.20104,-0.0224,0.1015
2017-05-20T18:18:52-03:00,1.032227,-0.019592,1.014893,18.666531,-45.479805,-1.1059450000000002,214942.390625,44,146,1300,1,1,791,1,30.722198,-150.567932,36.382141,-0.17472000000000001,-0.03108,0.11774000000000001
2017-05-20T18:18:52-03:00,1.096252,-0.741577,-0.48736599999999997,17.159731,-51.010647,-123.31298799999999,214942.390625,255,409,1250,1,1,1017,1,-10.497437,54.962006,-43.133697999999995,-0.15217999999999998,-0.022959999999999998,0.12305999999999999
2017-05-20T18:18:52-03:00,1.5516969999999999,-0.46801800000000005,0.899597,16.851110000000002,-56.834736,-27.485813,214942.390625,255,1148,167,1,1,3917,0,25.578156,108.009949,-26.871643,-0.11942,-0.01736,0.11045999999999999
2017-05-20T18:18:52-03:00,0.12396199999999999,0.30658,1.1781620000000002,14.215157999999999,-5.814147,14.585949,214943.625,38,2263,2342,1,1841,1,0,24.037933,35.791472999999996,-12.321777,-0.20006,-0.01974,0.11382
2017-05-20T18:18:53-03:00,0.303406,-0.004761,0.963623,13.753639000000002,-17.476896,-0.283065,214943.625,32,2379,2653,1123,2228,0,1,6.086121,-0.30654899999999996,-1.233673,-0.20874,-0.0189,0.10905999999999999
2017-05-20T18:18:53-03:00,0.29431199999999996,0.07867400000000001,0.925842,11.313957,-17.575267999999998,4.857094,214943.625,30,2406,2743,1200,2365,1,1,0.142059,1.899109,-1.278534,-0.19935999999999998,-0.00952,0.1099
2017-05-20T18:18:53-03:00,0.270447,0.12731900000000002,0.910645,8.741244,-16.38983,7.959064,214943.625,30,2466,2886,1683,2544,1,1,-2.325287,7.6712039999999995,3.514099,-0.14924,-0.00042,0.11116
2017-05-20T18:18:53-03:00,0.173279,0.181213,0.909241,13.500882,-10.586413,11.271466,214942.1875,23,2125,3062,2263,2613,2834,1,13.645172,28.673553000000002,-2.310333,-0.19838,-0.01708,0.1085
2017-05-20T18:18:53-03:00,-0.033569,0.302612,1.4647219999999999,15.890367000000001,1.285763,11.673105,214942.1875,15,355,2725,2072,647,3,0,22.340698,204.116821,-39.761658000000004,-0.1757,-0.02254,0.07084
2017-05-20T18:18:53-03:00,0.585754,0.588745,1.999756,16.384871,-15.69475,16.404877,214942.1875,15,3,1042,1,1,1978,1,-27.125853999999997,64.68933100000001,-5.921631,-0.20734,-0.028419999999999997,-0.01722
2017-05-20T18:18:53-03:00,0.172119,-0.026062000000000002,0.824707,20.088923,-11.78289,-1.8100319999999999,214942.1875,67,28,1176,1,1,1636,1,-33.361511,-157.132568,27.791290000000004,-0.2324,-0.04732,0.00448
2017-05-20T18:18:53-03:00,0.9433590000000001,0.276672,1.250122,18.339548,-36.382244,12.479335,214942.796875,44,84,1221,1,1,1248,1,-18.183594,-236.87271099999998,-4.8823550000000004,-0.18802,-0.03234,0.07378
2017-05-20T18:18:53-03:00,1.569885,-0.052246,0.9613649999999999,19.740789000000003,-58.479935,-3.110722,214942.796875,44,156,1179,1,0,639,1,10.093689,-186.755676,66.07254,-0.12418,-0.0245,0.11788
2017-05-20T18:18:54-03:00,1.999756,-0.064575,0.8983760000000001,18.484184,-65.753098,-4.111343,214942.796875,255,391,676,0,1,3519,1,-46.528168,51.724548,91.433868,-0.1764,-0.0308,0.11648
2017-05-20T18:18:54-03:00,1.281555,0.942261,1.006897,13.867376,-42.902015999999996,43.100704,214942.796875,42,2083,1548,1,1420,10,1,-63.75473,-38.699951,124.60098300000001,-0.16338,-0.015119999999999998,0.1113
2017-05-20T18:18:54-03:00,0.247925,0.257202,0.995483,1.421982,-13.55701,14.486654999999999,214940.953125,38,2391,2309,4,2191,1,0,-8.620758,-1.05423,-3.693542,-0.17948,0.02254,0.11522
2017-05-20T18:18:54-03:00,0.292908,0.184814,0.896545,3.161043,-17.743589,11.647831,214940.953125,32,2486,2545,756,2418,0,1,-5.024414,3.013153,-0.26168800000000003,-0.1771,0.0168,0.1099
2017-05-20T18:18:54-03:00,0.272217,0.223633,0.8994139999999999,8.630704,-16.368412,13.963032,214940.953125,31,2526,2715,1127,2585,0,1,-4.9047849999999995,1.046753,-0.9869379999999999,-0.1582,-0.00014,0.11522
2017-05-20T18:18:54-03:00,0.23779299999999998,0.156006,0.918884,7.682277,-14.312736,9.635653,214940.953125,28,2562,2849,1471,2717,0,0,-2.66922,11.663818,3.013153,-0.19655999999999998,0.0030800000000000003,0.1106
2017-05-20T18:18:54-03:00,0.119629,0.20538299999999998,0.930176,7.654657,-7.1579630000000005,12.45116,214941.765625,24,2259,3005,2162,2793,2298,1,21.039734,39.985962,-4.897308,-0.19935999999999998,0.00322,0.10472000000000001
2017-05-20T18:18:54-03:00,0.445984,-0.046936,1.171814,4.7423459999999995,-20.821199,-2.293709,214941.765625,15,836,2958,2357,1593,4,1,13.233948000000002,138.530273,-20.478973,-0.24836,0.016659999999999998,0.07447999999999999
2017-05-20T18:18:55-03:00,1.999756,0.572083,0.798096,16.30262,-63.847237,35.633312,214941.765625,58,219,1092,3,59,475,0,137.565765,244.4841,-136.780701,-0.16827999999999999,-0.02282,-0.013859999999999999
2017-05-20T18:18:55-03:00,0.30938699999999997,0.196106,0.760071,19.679619,-21.511528,14.467372,214941.765625,91,73,1176,1,1,1496,1,-29.286652,-65.900574,37.660675,-0.20551999999999998,-0.04032,-0.055720000000000006
2017-05-20T18:18:55-03:00,0.400024,0.024291999999999998,0.572449,17.674357999999998,-34.921467,2.4299020000000002,214942.1875,36,129,1359,1,1,1371,0,-56.07605,-214.93576000000002,2.945862,-0.23001999999999997,-0.03682,0.015119999999999998
2017-05-20T18:18:55-03:00,0.9332889999999999,0.25769000000000003,1.182251,19.519091,-37.643260999999995,12.296207,214942.1875,66,219,1409,1,1,981,1,-15.409698,-203.608398,37.070007000000004,-0.1666,-0.0322,0.09254
2017-05-20T18:18:55-03:00,1.28894,-0.527466,0.380188,14.418282999999999,-63.23146800000001,-54.216606000000006,214942.1875,66,254,1485,1,1,396,1,2.415009,-65.078125,-52.188109999999995,-0.14924,-0.01526,0.1218
2017-05-20T18:18:55-03:00,-0.447937,0.668579,1.252258,15.664062,17.512909,28.0977,214942.1875,255,827,194,0,1,3776,1,-60.995789,-63.321075,61.451874,-0.12054000000000001,-0.014980000000000002,0.12138
2017-05-20T18:18:55-03:00,-0.126892,0.376038,1.270996,10.596954,5.4685239999999995,16.481407,214942.796875,34,2094,2046,0,1349,2,2,3.603821,36.621399,-21.249084,-0.17094,-0.00602,0.1197
2017-05-20T18:18:55-03:00,0.26879899999999995,-6.1e-05,0.97467,8.937814999999999,-15.418021,-0.003588,214942.796875,32,2340,2568,885,1932,0,0,30.430603,-14.176025,-4.560852,-0.17934,-0.00112,0.11382
2017-05-20T18:18:55-03:00,0.254333,0.054077,0.932739,12.517583,-15.227882000000001,3.3181059999999998,214942.796875,31,2396,2828,1306,2271,1,1,11.02829,0.358887,1.6000370000000002,-0.18102000000000001,-0.012459999999999999,0.11382
2017-05-20T18:18:56-03:00,0.275879,0.14361600000000002,0.9180299999999999,9.03502,-16.5362,8.891233,214942.796875,27,2391,2974,1853,2393,1,0,3.6860660000000003,6.609497,2.018738,-0.21154,-0.00168,0.11102000000000001
2017-05-20T18:18:56-03:00,0.13305699999999998,0.224487,0.929565,8.779358,-7.9212039999999995,13.576807999999998,214941.359375,26,2082,3086,2331,2523,2923,1,17.458344,42.91687,-6.781464,-0.20118,-0.0007,0.10752
2017-05-20T18:18:56-03:00,0.041016000000000004,0.172119,1.346436,10.022395,-1.730751,7.2847919999999995,214941.359375,21,316,2997,2393,788,3,0,4.0000919999999995,167.248688,-10.931091,-0.23351999999999998,-0.00588,0.0798
2017-05-20T18:18:56-03:00,0.65625,0.151001,0.9281010000000001,18.247908,-34.911667,9.240991000000001,214942.390625,34,138,1396,1,1,1427,0,-42.961731,-212.117004,4.329071,-0.22764,-0.03878,0.04452
2017-05-20T18:18:56-03:00,0.9743040000000001,0.04187,1.230164,16.10269,-38.363499,1.9493790000000002,214942.390625,34,81,1446,1,1,766,0,-20.792999,-184.176178,35.081177000000004,-0.13146,-0.01736,0.11325999999999999
2017-05-20T18:18:56-03:00,1.069458,0.183411,-0.047119,22.967144,-79.95884699999999,104.407997,214942.390625,70,299,1350,1,1,453,0,24.359436,-6.773986999999999,34.931641,-0.13426,-0.03444,0.13146
2017-05-20T18:18:57-03:00,-0.8247680000000001,0.9899290000000001,1.999756,11.093148,20.28558,26.336563,214942.390625,255,505,135,0,1,3805,0,-36.995239,162.23175,2.078552,-0.11802,-0.00518,0.12712
2017-05-20T18:18:57-03:00,0.31445300000000004,0.201843,0.909119,9.694563,-18.65806,12.517811,214941.765625,23,2547,2885,1831,2622,0,1,-9.929199,16.710663,7.82074,-0.21588000000000002,-0.0042,0.11144000000000001
2017-05-20T18:18:57-03:00,0.24939,0.21283000000000002,0.879028,10.190902000000001,-15.415845000000001,13.610484,214941.765625,22,2195,3018,2360,2752,2452,0,24.351959,28.090363,-4.575806,-0.21406,-0.00602,0.11424000000000001
2017-05-20T18:18:57-03:00,0.277771,-0.06366000000000001,1.232178,12.093117,-12.687510000000001,-2.95752,214941.765625,19,686,2892,2436,1827,3,1,-1.016846,173.544159,-16.381683,-0.2212,-0.013580000000000002,0.08134
2017-05-20T18:18:57-03:00,1.2962040000000001,-0.284302,0.700745,21.876322000000002,-59.740189,-22.083073000000002,214941.765625,61,175,779,4,0,2035,1,30.916595,244.96261600000003,-94.3573,-0.18424000000000001,-0.043539999999999995,-0.024640000000000002
2017-05-20T18:18:58-03:00,0.405762,0.013489,0.971741,13.572366,-22.661585000000002,0.7952739999999999,214942.390625,61,121,869,1,1,1930,1,7.544098,-79.156952,45.414124,-0.16827999999999999,-0.0147,-0.0448
2017-05-20T18:18:58-03:00,0.500854,-0.22418200000000002,0.835144,7.589394,-30.080143,-15.025982999999998,214942.390625,42,173,1123,1,1,1525,0,-73.833466,-195.025024,8.725433,-0.2429,0.0042,0.02576
2017-05-20T18:18:58-03:00,0.775879,0.052612,1.219849,10.65837,-32.434101,2.469647,214942.390625,49,145,1401,0,0,1025,1,-28.666077,-186.733246,4.590758999999999,-0.1736,-0.0063,0.10206
2017-05-20T18:18:58-03:00,1.064819,-0.276733,0.41845699999999997,13.439210999999998,-64.772743,-33.477406,214942.390625,49,239,1409,1,1,434,0,0.979462,-130.13382,-0.9495540000000001,-0.15974000000000002,-0.013580000000000002,0.12992
2017-05-20T18:18:59-03:00,-0.21106,0.380737,1.049988,21.734179,10.701075,19.931210999999998,214943.625,255,511,712,1,1,3589,0,-62.476195999999995,-150.97168,21.368713,-0.08806,-0.02058,0.1463
2017-05-20T18:18:59-03:00,0.783508,-0.23120100000000002,1.2214969999999998,12.714127000000001,-32.220890000000004,-10.717978,214941.984375,34,107,1352,1,1,1490,0,-58.132172,-225.99395800000002,-10.602112,-0.17626,-0.012740000000000001,0.06552000000000001
2017-05-20T18:19:00-03:00,0.360718,0.06329299999999999,0.9447629999999999,21.880330999999998,-20.854523,3.8327459999999998,214942.59375,38,2491,2541,1162,2384,1,1,-0.5233760000000001,10.587158,-3.080444,-0.15694,-0.0371,0.11312
2017-05-20T18:19:00-03:00,0.34613,0.090027,0.9006350000000001,15.443693,-20.927477,5.708287,214942.390625,35,2525,2753,1457,2561,0,0,-4.164581,6.616974000000001,-1.435547,-0.1512,-0.0182,0.12474
2017-05-20T18:19:00-03:00,0.288574,0.119202,0.901367,19.922592,-17.608829,7.53339,214942.390625,27,2591,2857,1637,2678,1,1,2.033691,2.220612,-3.416901,-0.14168,-0.028419999999999997,0.11634000000000001
2017-05-20T18:19:00-03:00,0.36969,0.177612,0.86615,7.854119,-22.690756,11.5884,214942.390625,29,2481,2996,2278,2761,13,0,8.463745,22.819214000000002,-1.218719,-0.1547,0.00196,0.11494000000000001
2017-05-20T18:19:01-03:00,0.357239,0.151489,0.903442,21.023932000000002,-21.304548,9.518806,214942.390625,30,1294,3055,2468,2136,341,1,2.803802,111.09787,-18.639679,-0.18018,-0.039760000000000004,0.10052
2017-05-20T18:19:01-03:00,0.982361,0.279175,1.409058,17.912326999999998,-34.367523,11.206803,214942.796875,61,288,1335,1,1,1346,0,-70.640869,-195.196991,69.863281,-0.16016,-0.02632,0.10794000000000001
2017-05-20T18:19:01-03:00,1.1380620000000001,-0.638123,0.919861,22.976421,-45.470337,-34.74968,214943.203125,61,182,1417,0,1,849,1,31.514740000000003,-121.363525,28.479156,-0.14126,-0.03626,0.1204
2017-05-20T18:19:01-03:00,0.6308590000000001,0.119019,0.8505860000000001,19.731873999999998,-36.298041999999995,7.9654169999999995,214943.203125,255,309,976,1,1,3377,1,-29.024963,-48.105774,42.54303,-0.11717999999999999,-0.0231,0.11438
2017-05-20T18:19:01-03:00,0.375793,-0.15576199999999998,0.8922120000000001,14.101876,-22.534422,-9.902855,214943.203125,57,1883,1246,1,553,3925,1,-93.998413,-10.190887,33.623199,-0.18102000000000001,-0.0175,0.10332000000000001
2017-05-20T18:19:01-03:00,0.241333,0.113159,0.88623,3.221727,-15.116035,7.276492,214943.203125,42,2281,2203,1,1978,0,1,23.522033999999998,28.381958,-11.932983,-0.203,0.01904,0.1071
2017-05-20T18:19:02-03:00,0.217651,0.08142100000000001,0.914185,12.642709,-13.340898999999999,5.08956,214942.1875,37,2495,2765,1396,2502,0,1,0.403748,5.121613,3.125305,-0.19908,-0.01414,0.10457999999999999
2017-05-20T18:19:02-03:00,0.301453,0.279175,0.874084,11.497007,-18.186815,17.71302,214942.1875,23,2369,3012,2460,2677,13,1,3.9402769999999996,35.312958,-9.727325,-0.17584,-0.00896,0.09492
2017-05-20T18:19:02-03:00,0.664612,0.056396,1.313721,16.605902,-26.813627,2.4581310000000003,214942.1875,21,712,2991,2628,1198,4,0,21.697693,154.65026899999998,-13.241425,-0.22638000000000003,-0.03192,0.07447999999999999
2017-05-20T18:19:02-03:00,1.999756,0.694824,0.381042,12.915159,-68.382942,61.259579,214942.1875,56,39,908,1,1,2427,1,75.986786,244.96261600000003,-86.611328,-0.21238,-0.0161,-0.04326
2017-05-20T18:19:02-03:00,0.037048000000000005,0.026794,0.628235,16.584177,-3.371886,2.4422040000000003,214942.1875,56,128,1194,1,1,2103,0,-13.316193,-102.439728,-10.632019,-0.22301999999999997,-0.03136,-0.04158
2017-05-20T18:19:02-03:00,0.6500239999999999,0.031432999999999996,0.83075,19.151999,-38.021702000000005,2.1668689999999997,214942.1875,46,141,1383,1,1,1654,0,-65.339813,-225.02944900000003,-41.518707,-0.20328,-0.037939999999999995,0.043539999999999995
2017-05-20T18:19:03-03:00,-1.0939940000000001,1.256775,1.821716,11.238883999999999,26.303663,34.601215,214941.359375,255,367,1103,0,0,3755,0,-48.412323,130.821686,34.378357,-0.13566,-0.0063,0.14042000000000002
2017-05-20T18:19:03-03:00,0.017151,1.3321530000000001,1.9774779999999998,14.801410999999998,-0.41213,33.966682,214941.359375,49,2144,1682,1,1734,3930,1,-20.374298,57.249908,-31.656799,-0.1631,-0.01778,0.12264000000000001
2017-05-20T18:19:03-03:00,0.17236300000000002,-0.0035399999999999997,1.051758,22.745798,-9.306915,-0.192847,214942.59375,40,2416,2188,23,2320,2,0,-15.506897,-1.233673,-1.308441,-0.11648,-0.0294,0.11325999999999999
2017-05-20T18:19:03-03:00,0.271851,0.11145,0.911438,16.72768,-16.491936,6.971491,214942.59375,43,2465,2404,794,2458,1,1,-5.450591999999999,1.40564,-1.2486270000000002,-0.19166,-0.02744,0.11298
2017-05-20T18:19:03-03:00,0.166199,-0.015747,0.9127200000000001,5.891290000000001,-10.318516,-0.9884209999999999,214942.59375,41,2517,2582,946,2534,0,0,5.8094790000000005,-7.289886,-0.171967,-0.15204,0.0071400000000000005,0.11606
2017-05-20T18:19:03-03:00,0.273926,0.095459,0.9200440000000001,9.923300999999999,-16.496206,5.923518,214942.59375,30,2544,2864,1,2688,1,0,-6.018829,11.947937,3.768311,-0.18508,-0.00434,0.11522
2017-05-20T18:19:03-03:00,0.271057,0.10907,0.9511719999999999,6.527935,-15.807692999999999,6.541472,214942.390625,17,2131,3058,2399,2686,3070,1,25.391235,42.348633,2.228088,-0.17192000000000002,0.0061600000000000005,0.11158
2017-05-20T18:19:03-03:00,0.358948,0.27929699999999996,1.167908,1.499676,-16.642143,13.449292000000002,214942.390625,21,462,2914,2333,1057,30,1,36.322327,124.08508300000001,-24.41925,-0.22091999999999998,0.02744,0.084
2017-05-20T18:19:04-03:00,1.514099,-0.305969,0.800293,17.031984,-60.49564,-20.922932,214942.390625,41,1,984,1,1,2271,1,34.071808000000004,241.650391,-34.243774,-0.1743,-0.0259,0.00518
2017-05-20T18:19:04-03:00,0.192444,0.068481,0.8463129999999999,14.379495,-12.770331,4.626143,214942.390625,41,177,1356,1,1,1387,0,-15.738678,-79.426117,20.478973,-0.2233,-0.022680000000000002,-0.01372
2017-05-20T18:19:04-03:00,0.5629270000000001,0.0025629999999999997,0.933594,16.575048000000002,-31.088540999999996,0.157323,214942.796875,38,227,1441,1,1,1539,1,-44.367371,-205.604706,-14.505004999999999,-0.24122,-0.03388,0.0511
2017-05-20T18:19:04-03:00,0.828857,0.10845899999999999,1.164246,15.844237,-35.331203,5.322233,214942.796875,38,237,1437,1,1,1098,1,-10.175934,-182.905121,31.402588,-0.15596,-0.019880000000000002,0.11704
2017-05-20T18:19:04-03:00,0.74353,0.11731,0.25750700000000004,25.774078,-69.164413,24.492025,214942.796875,74,319,1386,1,0,719,1,29.720306,-87.897339,38.909302000000004,-0.11717999999999999,-0.03626,0.12655999999999998
2017-05-20T18:19:05-03:00,-0.46203599999999995,0.260986,0.391846,17.468096,44.461456,33.665348,214942.796875,255,579,790,1,1,3083,1,-65.623932,-43.574829,34.774628,-0.1316,-0.02058,0.12782000000000002
2017-05-20T18:19:05-03:00,0.23016399999999998,0.135132,0.943665,7.741175999999999,-13.573779,8.149298,214942.390625,36,2473,2682,1336,2554,1,0,-2.64679,10.557250999999999,-4.575806,-0.19124000000000002,0.0028,0.12894
2017-05-20T18:19:05-03:00,0.204163,0.14971900000000002,0.928162,13.658596,-12.251975999999999,9.163295,214942.390625,28,2521,2901,2104,2723,0,0,-1.6000370000000002,16.105042,4.07486,-0.17486,-0.01554,0.11354000000000002
2017-05-20T18:19:05-03:00,0.068298,0.193359,0.9282229999999999,13.191277,-4.120093,11.767086,214942.390625,23,1768,3064,2445,2673,1212,0,37.316742,78.237305,-10.086212,-0.20481999999999997,-0.01652,0.11087999999999999
2017-05-20T18:19:05-03:00,0.075378,0.385803,1.045898,12.041822,-3.8682769999999995,20.247633,214942.390625,20,277,2592,2366,574,1,0,27.783813000000002,244.40933199999998,-59.320983999999996,-0.2268,-0.01372,0.0686
2017-05-20T18:19:05-03:00,0.744446,0.074097,1.113098,7.586531,-33.716305,3.808445,214942.390625,32,265,989,1,1,1372,1,-23.402404999999998,-215.03295899999998,-21.249084,-0.2422,0.0042,0.0707
2017-05-20T18:19:06-03:00,1.35083,-0.173645,1.283447,5.1134889999999995,-46.205719,-7.705092,214942.390625,32,259,1285,1,1,395,1,40.875702000000004,-202.591553,40.000916,-0.14098,0.00854,0.11634000000000001
2017-05-20T18:19:06-03:00,0.23083499999999998,0.08477799999999999,0.8833620000000001,11.934003,-14.580601000000001,5.481990000000001,214943.625,46,2185,2242,1,1669,0,1,3.170166,28.023071,-8.321686,-0.18872,-0.011059999999999999,0.10976
2017-05-20T18:19:07-03:00,0.253601,0.094666,1.39917,14.034587,-10.250455,3.870639,214941.5625,64,119,1200,1,1,1851,0,15.200348000000002,90.813293,66.782837,-0.23898000000000003,-0.02282,-0.028839999999999998
2017-05-20T18:19:07-03:00,0.036377,-0.44696,0.766907,16.371271,-2.34674,-30.234034,214941.5625,69,44,1514,1,1,2065,1,-63.926697,-122.55981399999999,-28.703460999999997,-0.20565999999999998,-0.02814,-0.021419999999999998
2017-05-20T18:19:07-03:00,0.7973020000000001,0.099854,1.169556,15.034172,-34.186023999999996,4.879926,214941.5625,34,127,1514,1,1,1539,0,-66.992188,-232.566071,-60.726624,-0.19305999999999998,-0.021840000000000002,0.07742
2017-05-20T18:19:07-03:00,0.999817,0.169006,1.053467,15.564059,-43.1399,9.114225999999999,214941.5625,111,75,1475,1,1,575,1,20.224762,-174.807739,28.404388,-0.16114,-0.01974,0.12305999999999999
2017-05-20T18:19:07-03:00,0.209106,0.18701199999999998,0.901123,9.810089,-12.800827,11.724269999999999,214942.796875,32,2303,2486,135,2082,0,2,6.7590330000000005,-19.753723,4.994507,-0.13692000000000001,-0.00294,0.11942
2017-05-20T18:19:08-03:00,0.226257,0.167297,0.930054,16.680823999999998,-13.464885,10.197271,214943.0,30,2412,2764,1488,2344,0,1,3.5365300000000004,7.267456,-3.790741,-0.15344000000000002,-0.021840000000000002,0.12516
2017-05-20T18:19:08-03:00,0.190369,0.086121,0.9328,7.3032699999999995,-11.487147,5.274868,214943.0,30,2478,2824,1483,2508,1,1,2.601929,0.433655,-2.945862,-0.14448,0.00322,0.12222000000000001
2017-05-20T18:19:08-03:00,0.22412100000000001,0.188843,0.8984989999999999,10.987556,-13.717982999999998,11.869433,214943.0,29,2467,2962,1810,2580,1,1,-4.762726,5.787048,2.422485,-0.16982,-0.0071400000000000005,0.12445999999999999
2017-05-20T18:19:08-03:00,0.501221,-0.110168,0.402771,24.146317,-50.20237,-15.297722,214942.796875,47,198,1152,1,0,1332,1,-110.55953999999998,-229.60525499999997,-27.596892999999998,-0.1764,-0.049139999999999996,0.04144
2017-05-20T18:19:08-03:00,0.767578,-0.12078900000000001,1.1334229999999998,23.558569,-33.956641999999995,-6.083037,214943.203125,96,220,1270,1,1,874,0,-10.975952000000001,-188.51272600000001,68.188477,-0.13762,-0.03682,0.11717999999999999
2017-05-20T18:19:09-03:00,1.1845700000000001,-0.250854,0.183838,31.205966999999998,-75.289177,-53.764297,214943.203125,96,309,1428,1,1,865,1,-1.6523740000000002,-48.464661,34.438171000000004,-0.09337999999999999,-0.038919999999999996,0.12655999999999998
2017-05-20T18:19:09-03:00,-1.780273,1.6831049999999999,1.322449,34.271328000000004,39.750687,51.84259,214943.203125,255,609,395,0,1,3371,0,-51.545105,230.17349199999998,-18.258361999999998,-0.0777,-0.037380000000000004,0.12922
2017-05-20T18:19:09-03:00,1.12384,-0.139465,0.8468629999999999,15.543467999999999,-52.631252,-9.351797,214943.203125,83,1597,335,1,1,3912,1,-15.432129000000002,165.04303000000002,5.906676999999999,-0.14672000000000002,-0.01792,0.10878
2017-05-20T18:19:09-03:00,0.346802,0.093262,0.9505620000000001,10.105961,-19.95573,5.603483,214944.4375,36,2313,2346,1,1964,0,1,16.090088,53.67599499999999,-8.695526,-0.20496,-0.0054600000000000004,0.10584
2017-05-20T18:19:09-03:00,0.436279,0.13000499999999998,0.879883,6.669522,-26.128538,8.404785,214944.4375,30,2421,2766,1392,2235,1,1,-19.43222,10.744171000000001,2.639313,-0.20146,0.00672,0.08974
2017-05-20T18:19:09-03:00,0.443481,0.085876,0.867676,10.705816,-26.959215000000004,5.652327,214944.4375,26,2355,2852,1621,2270,1,1,-3.342133,5.891724,-1.1514280000000001,-0.18858,-0.006999999999999999,0.09114
2017-05-20T18:19:09-03:00,0.411865,0.137756,0.83606,18.492144,-25.923122,9.356477,214944.4375,24,2349,2914,1910,2362,1,1,0.216827,2.8411869999999997,-0.680389,-0.12418,-0.0217,0.09673999999999999
2017-05-20T18:19:09-03:00,0.395447,0.099426,0.845642,15.373689,-24.911566,6.705758,214941.765625,16,2044,3034,2344,2392,3020,1,9.458160000000001,45.922546000000004,-0.284119,-0.19977999999999999,-0.0238,0.09086
2017-05-20T18:19:10-03:00,-0.016418000000000002,0.615845,1.5356450000000001,8.160117999999999,0.568547,21.852434,214941.765625,19,747,2595,2186,1310,135,1,54.797516,143.78646899999998,-69.81094399999999,-0.21014000000000002,0.0015400000000000001,0.06006
2017-05-20T18:19:10-03:00,0.521729,-1.1079709999999998,1.999756,28.711367,-12.8553,-28.988789,214941.765625,88,97,1029,1,1,2457,1,-75.478363,-27.985687,-14.804077,-0.19096,-0.07,-0.039760000000000004
2017-05-20T18:19:10-03:00,-0.029724,-0.38867199999999996,1.014343,25.173979,1.567437,-20.965628,214941.765625,79,141,1250,0,1,2072,1,-27.589416999999997,-168.41507,62.969666000000004,-0.18886,-0.05628,-0.00924
2017-05-20T18:19:10-03:00,1.0805049999999998,0.23895300000000003,1.411438,11.291046000000001,-37.045315,9.60891,214943.625,67,146,1347,1,1,1779,1,-44.427184999999994,-244.70840499999997,35.365295,-0.2247,-0.01064,0.07336000000000001
2017-05-20T18:19:10-03:00,1.9716189999999998,0.453003,0.594299,18.447922,-69.242767,37.316357,214943.625,67,269,1283,1,1,1199,1,60.023804000000005,-121.22894299999999,46.490784000000005,-0.16016,-0.027860000000000003,0.12138
2017-05-20T18:19:10-03:00,-0.8649290000000001,-0.458984,1.999756,19.842226,22.858158,-12.926653,214943.625,255,941,207,1,1,3644,1,-30.400696000000003,-207.698212,135.831146,-0.1617,-0.0322,0.10962000000000001
2017-05-20T18:19:10-03:00,0.190369,0.15850799999999998,0.750732,358.59130899999997,-13.934134,11.922225,214943.625,39,2446,2070,1,2219,0,0,-4.067383,93.886261,-22.520142,-0.18997999999999998,0.033460000000000004,0.1141
2017-05-20T18:19:10-03:00,0.328308,0.270996,0.807434,9.953119000000001,-21.080404,18.553106,214943.625,32,2677,2780,1,2785,3774,1,0.239258,21.495819,-9.876862,-0.1869,-0.00448,0.09058
2017-05-20T18:19:10-03:00,0.305664,0.06311,0.9146120000000001,10.212692,-18.438803,3.947286,214943.625,30,2739,2824,2069,2934,2656,0,6.39267,9.510498,-13.518066000000001,-0.17682,-0.00504,0.09492
2017-05-20T18:19:11-03:00,0.300476,0.047913,0.876526,12.40236,-18.895687,3.128784,214943.625,33,2738,2835,2173,2968,1072,1,0.26168800000000003,3.013153,-4.777679,-0.19278,-0.01288,0.09996000000000001
2017-05-20T18:19:11-03:00,0.27887,0.094788,0.9111940000000001,7.490028999999999,-16.930564999999998,5.938874,214943.625,26,1,2961,2508,2981,330,1,4.164581,16.262054,5.353394000000001,-0.18395999999999998,0.0035,0.09296
2017-05-20T18:19:11-03:00,0.342468,0.197266,0.9317629999999999,5.767059,-19.777498,11.953711,214943.203125,26,1527,3084,2449,2543,1,0,8.082428,82.207489,0.800018,-0.25074,0.012320000000000001,0.08302000000000001
2017-05-20T18:19:11-03:00,0.29394499999999996,0.287659,1.1015620000000002,8.772052,-14.476818,14.635217,214943.203125,21,483,2181,1,1168,1,1,54.057311999999996,244.96261600000003,-70.199738,-0.2506,-0.00084,0.026739999999999996
2017-05-20T18:19:11-03:00,-0.014343,-0.115417,0.643555,17.098264999999998,1.2567270000000001,-10.167547,214943.203125,21,246,1273,1,1,865,0,-109.91653400000001,86.551514,51.769409,-0.21966,-0.0329,-0.07098
2017-05-20T18:19:11-03:00,-0.084351,-0.832642,1.091309,10.164854,3.5163830000000003,-37.342743,214943.203125,61,97,1221,1,1,1366,0,-98.880768,-183.39858999999998,50.341339000000005,-0.21252,-0.00588,-0.01764
2017-05-20T18:19:11-03:00,0.9671629999999999,0.16272,0.828247,15.078346,-48.887566,11.114927999999999,214942.1875,46,331,1325,1,1,844,0,-81.631775,-245.0,-97.699432,-0.20034000000000002,-0.02282,0.0777
2017-05-20T18:19:11-03:00,1.7557369999999999,0.35949699999999996,0.8240360000000001,26.670488,-62.884903,23.569907999999998,214942.1875,46,387,1306,1,1,1004,0,41.443939,-148.474426,84.420624,-0.105,-0.0343,0.11564
2017-05-20T18:19:12-03:00,0.305176,-0.861084,-0.020081,35.411266,-19.509874,-91.335899,214942.1875,255,514,1236,1,1,2143,1,-34.684906,189.43237299999998,-52.397461,-0.10822000000000001,-0.05474,0.10262
2017-05-20T18:19:12-03:00,0.7986449999999999,-1.1834719999999999,1.342163,19.164135,-24.051981,-41.404701,214942.1875,255,1644,875,0,4,3867,0,6.691742,71.149292,-24.58374,-0.13635999999999998,-0.025480000000000003,0.11522
2017-05-20T18:19:12-03:00,0.00042699999999999997,0.5101319999999999,0.9136350000000001,10.184851,-0.023393999999999998,29.176981,214943.625,46,2376,2165,1,1938,0,0,38.782196,10.168457,-14.340515,-0.19488,-0.0054600000000000004,0.11914000000000001
2017-05-20T18:19:12-03:00,0.30700700000000003,0.050598000000000004,0.9196780000000001,6.120353,-18.434051999999998,3.149082,214943.625,37,2496,2552,1144,2421,0,1,5.487976000000001,1.2486270000000002,-5.076752,-0.16296,0.006999999999999999,0.12264000000000001
2017-05-20T18:19:12-03:00,0.253967,0.121643,0.920715,15.357276999999998,-15.294219,7.526216000000001,214943.625,36,2516,2728,1423,2488,0,0,-3.8804629999999998,11.372223,2.527161,-0.1932,-0.022959999999999998,0.11564
2017-05-20T18:19:12-03:00,0.300781,0.190186,0.9244379999999999,15.214981,-17.676662,11.625308,214943.625,32,2511,2949,1,2602,3839,1,-0.35141,29.540863,13.278808999999999,-0.14924,-0.01736,0.11648
2017-05-20T18:19:12-03:00,0.021362,0.283569,0.9413450000000001,6.629898,-1.2447780000000002,16.764318,214942.390625,21,1938,3078,2067,2435,2946,1,15.162964,64.64447,10.071259,-0.18914,0.00644,0.10976
2017-05-20T18:19:12-03:00,0.717896,-0.279053,1.462952,16.060179,-25.735298,-10.799236,214942.390625,19,48,1970,24,0,1625,1,36.965332000000004,244.96261600000003,-29.750214,-0.22498,-0.029539999999999997,0.045219999999999996
2017-05-20T18:19:12-03:00,0.084473,-0.44342,0.9475100000000001,13.670285,-4.616472,-25.078892,214942.390625,19,41,1169,0,1,2138,1,-2.287903,-26.826782,1.786957,-0.21531999999999998,-0.019180000000000003,0.0030800000000000003
2017-05-20T18:19:13-03:00,0.5759890000000001,-0.346008,0.932373,17.309085999999997,-30.078178,-20.360142,214942.390625,43,156,1422,0,1,2053,0,-53.601227,-199.660645,-40.150452,-0.2471,-0.037939999999999995,0.055439999999999996
2017-05-20T18:19:13-03:00,1.0120850000000001,0.37506100000000003,1.292419,19.221849,-36.945553000000004,16.182766,214942.390625,61,232,1426,1,1,1270,1,-8.717957,-213.081512,36.875609999999995,-0.15274000000000001,-0.0287,0.1134
2017-05-20T18:19:13-03:00,1.188416,0.118835,0.51062,35.739799,-66.195465,13.10111,214942.390625,61,297,1477,0,1,777,1,43.686981,-147.659454,36.195221000000004,-0.0966,-0.04956,0.13047999999999998
2017-05-20T18:19:13-03:00,0.5578609999999999,0.389343,0.476746,28.954248,-42.186446999999994,39.237438,214942.390625,255,749,69,0,1,3547,1,-131.95816000000002,-136.489105,65.87814300000001,-0.09197999999999999,-0.03416,0.12516
2017-05-20T18:19:14-03:00,0.584595,1.011414,1.631653,15.863428,-16.93675,31.793558,214942.390625,47,2089,1489,1,1249,1,1,-24.740753,77.796173,37.653197999999996,-0.09967999999999999,-0.012740000000000001,0.13132
2017-05-20T18:19:14-03:00,1.999756,-1.006165,0.8726200000000001,20.730911,-56.336075,-49.065773,214943.625,48,229,819,1,1,964,0,93.29559300000001,-182.037811,97.370453,-0.17556,-0.0378,0.09926
2017-05-20T18:19:14-03:00,0.25769000000000003,0.406982,1.9189450000000001,11.609415,-7.48384,11.97423,214943.625,175,1127,4,1,1,3803,0,-59.993896,-229.253845,77.50457800000001,-0.17724,-0.00938,0.11284000000000001
2017-05-20T18:19:14-03:00,0.075134,0.141846,0.770996,7.823664,-5.474643,10.424544000000001,214943.625,38,2038,2225,1,1412,0,0,19.006042,54.692841,-15.87326,-0.2121,0.0028,0.10486
2017-05-20T18:19:15-03:00,0.331543,0.11944600000000001,0.947327,11.205344,-19.148443,7.186342999999999,214943.203125,29,2330,2800,1221,2187,3927,1,0.628052,-7.768402,3.6711120000000004,-0.20761999999999997,-0.00952,0.10472000000000001
2017-05-20T18:19:15-03:00,0.334961,0.183594,0.8875120000000001,355.22805800000003,-20.283835999999997,11.687545,214943.203125,27,2315,2911,1,2303,3840,1,-4.127197,4.418793,-0.927124,-0.16044,0.03808,0.1036
2017-05-20T18:19:15-03:00,0.288269,0.17981,0.889099,10.206024000000001,-17.629852,11.433171000000002,214943.203125,20,2251,3011,1843,2444,2,1,4.142151,12.890015,-0.7102970000000001,-0.217,-0.0061600000000000005,0.09842000000000001
2017-05-20T18:19:16-03:00,0.266113,0.27636700000000003,0.880432,10.058272,-16.086468,17.427046,214943.203125,22,1430,3113,2342,2257,1574,1,21.91452,78.170013,-29.466095000000003,-0.217,-0.0056,0.08806
2017-05-20T18:19:16-03:00,0.236877,0.240173,0.9245610000000001,6.993753,-13.927007000000001,14.561886999999999,214942.796875,23,1818,3070,2440,2647,1779,0,6.123505000000001,56.300354000000006,-11.723633,-0.2275,0.0063,0.08567999999999999
2017-05-20T18:19:16-03:00,0.321655,0.126953,1.271179,9.440857000000001,-14.132426,5.703238,214942.796875,20,555,2936,2465,1066,2,0,21.630402,164.781342,1.94397,-0.2702,-0.00406,0.0497
2017-05-20T18:19:16-03:00,1.9331669999999999,-0.082153,0.579529,12.932611,-73.15477800000001,-8.068422,214943.0,67,2,887,0,1,1414,0,-13.577881,244.96261600000003,-71.47827099999999,-0.22624,-0.01722,-0.063
2017-05-20T18:19:17-03:00,0.24212600000000004,-0.048827999999999996,0.955933,11.675064,-14.195667000000002,-2.924073,214943.0,67,4,1259,1,1,1301,0,-42.685089000000005,-118.61206100000001,15.589142,-0.2149,-0.01162,-0.0567
2017-05-20T18:19:17-03:00,0.799561,-0.228149,1.003723,16.521328,-37.839366999999996,-12.805923,214943.0,34,50,1384,1,1,1125,1,-86.85058599999999,-231.601562,-47.522583000000004,-0.25592,-0.0357,0.036680000000000004
2017-05-20T18:19:17-03:00,0.8955690000000001,0.152527,1.146851,22.020885,-37.742672,7.575667,214943.0,75,187,1419,1,1,377,1,36.471863,-199.398956,47.649689,-0.14937999999999999,-0.0357,0.1134
2017-05-20T18:19:17-03:00,1.005249,-0.092651,0.0849,17.34713,-82.874359,-47.499809,214944.03125,75,242,1507,1,1,308,1,63.956604000000006,-23.267822,32.808228,-0.17248,-0.0266,0.12138
2017-05-20T18:19:17-03:00,-1.158875,0.67865,1.999756,12.67502,28.756582,18.745485000000002,214944.03125,255,480,343,1,1,3646,1,-93.34045400000001,27.529602,37.002716,-0.18186,-0.013019999999999999,0.1253
2017-05-20T18:19:17-03:00,0.385864,0.795349,0.891235,11.830703,-17.901932000000002,41.746105,214944.03125,46,2102,1714,1,1262,11,0,-39.088745,66.02020300000001,11.319885000000001,-0.21938000000000002,-0.012459999999999999,0.12222000000000001
2017-05-20T18:19:17-03:00,0.23449699999999998,0.003113,1.064941,12.057786,-12.418142,0.167473,214944.03125,41,2546,2213,114,2369,1,1,2.729034,-4.545898,-8.665619,-0.20272,-0.012320000000000001,0.10122
2017-05-20T18:19:17-03:00,0.305237,0.08404500000000001,0.888916,5.724174,-18.87332,5.4011569999999995,214943.203125,40,2649,2176,142,2618,9,0,-6.011353,1.390686,-3.244934,-0.18242,0.0091,0.09337999999999999
2017-05-20T18:19:18-03:00,0.239929,0.079163,0.9136350000000001,15.899367000000002,-14.661614000000002,4.9520669999999996,214943.203125,38,2689,2358,555,2737,10,0,-4.07486,-3.072968,1.816864,-0.20818000000000003,-0.026739999999999996,0.10332000000000001
2017-05-20T18:19:18-03:00,0.28381300000000004,0.289246,0.8812260000000001,9.808145,-17.014347,18.171442000000003,214943.203125,32,2647,2809,1477,2764,0,0,-14.983521,13.562926999999998,6.220703,-0.20244,-0.00434,0.10555999999999999
2017-05-20T18:19:18-03:00,0.012329000000000001,0.194519,0.920227,12.177491,-0.751004,11.935573,214943.203125,23,2018,3041,2190,2747,2248,0,15.648956,48.337555,-2.048645,-0.23604,-0.01484,0.10206
2017-05-20T18:19:18-03:00,0.066833,0.335876,1.264832,14.354726999999999,-2.923548,14.871687,214944.03125,14,599,2850,2513,1137,3,0,19.282684,215.47409100000002,-27.821198,-0.22288000000000002,-0.02254,0.05824
2017-05-20T18:19:18-03:00,1.148865,-0.322205,0.175781,22.737053,-72.282547,-61.384979,214944.03125,14,68,807,1,1,2303,1,33.182068,176.377869,-202.090607,-0.23421999999999998,-0.059079999999999994,-0.0791
2017-05-20T18:19:18-03:00,0.24395799999999998,0.059570000000000005,1.166931,17.362535,-11.793209,2.922338,214944.03125,99,121,1202,0,1,1466,0,-67.201538,-144.347229,24.927673000000002,-0.23198000000000002,-0.03584,-0.056979999999999996
2017-05-20T18:19:18-03:00,0.647644,0.009826999999999999,0.918884,18.328142,-35.17524,0.612705,214944.03125,42,111,1427,0,1,1282,0,-54.849854,-243.50463900000003,41.885071,-0.22735999999999998,-0.039060000000000004,0.05152
2017-05-20T18:19:18-03:00,1.393616,0.193604,1.277283,10.969151,-47.169697,8.618973,214944.234375,106,82,1565,0,1,698,1,1.996307,-210.79361,-14.273223999999999,-0.20804,-0.00868,0.1316
2017-05-20T18:19:19-03:00,1.250427,-0.41900600000000005,-0.873718,9.723774,-52.226803000000004,-154.379166,214944.234375,106,382,1270,1,1,2624,0,64.636993,174.68811000000002,-5.510406,-0.16128,-0.00322,0.13426
2017-05-20T18:19:19-03:00,1.38147,-0.20666500000000002,0.854187,17.39896,-57.53722,-13.600979999999998,214944.234375,67,1043,931,1,1,3870,0,11.275024,182.725677,-21.779938,-0.1904,-0.029539999999999997,0.13258
2017-05-20T18:19:19-03:00,0.191528,0.45343,1.0023799999999998,8.529341,-9.875669,24.339781,214944.234375,39,2138,2306,1,1697,10,0,19.297638,12.389069000000001,-3.708496,-0.15834,0.00014,0.13482
2017-05-20T18:19:19-03:00,0.35791,0.137512,0.9151610000000001,1.737227,-21.143885,8.545341,214944.234375,31,2453,2723,1131,2333,1,0,-6.684264999999999,8.299255,-2.160797,-0.203,0.02436,0.12376
2017-05-20T18:19:19-03:00,0.319641,0.201294,0.888123,6.514819999999999,-19.341267000000002,12.770392999999999,214944.234375,31,2462,2835,1322,2521,1,2,-5.52536,3.8356019999999997,-1.40564,-0.15918,0.0057399999999999994,0.12894
2017-05-20T18:19:19-03:00,0.29199200000000003,0.175964,0.894775,6.821705000000001,-17.754919,11.125672999999999,214944.234375,35,2465,2952,1615,2598,1,1,-3.416901,3.701019,3.18512,-0.1505,0.00462,0.12894
2017-05-20T18:19:19-03:00,0.18908699999999998,0.206177,0.910156,13.022272000000001,-11.454116,12.763739,214944.234375,26,2248,3085,2294,2720,2968,1,18.407898,29.548340000000003,-3.0430599999999997,-0.22526,-0.0175,0.12418
2017-05-20T18:19:19-03:00,0.413757,0.158142,1.1552120000000001,14.685076,-19.537537,7.795017999999999,214943.625,14,1043,3056,2496,1631,4,0,28.509064000000002,119.00833100000001,-24.067841,-0.21728000000000003,-0.02324,0.09183999999999999
2017-05-20T18:19:19-03:00,1.999756,-0.05658,1.05426,17.999648999999998,-62.168048999999996,-3.071978,214943.625,57,62,861,1,1,1231,0,49.032897999999996,244.96261600000003,-98.20785500000001,-0.24388,-0.04046,-0.013999999999999999
2017-05-20T18:19:20-03:00,0.13372799999999999,-0.017943999999999998,0.6975100000000001,22.310986,-10.849664,-1.473683,214943.625,57,53,1207,0,1,1648,1,-35.582122999999996,-57.190093999999995,-31.514740000000003,-0.22288000000000002,-0.05446,-0.03136
2017-05-20T18:19:20-03:00,0.703125,-0.04718,0.796509,23.197863,-41.386955,-3.389881,214943.625,41,90,1336,1,1,1433,1,-95.957336,-218.55453500000002,-25.376282,-0.21686,-0.05656,0.03948
2017-05-20T18:19:20-03:00,0.925842,-0.20666500000000002,1.348755,12.303089,-34.157799,-8.711478,214944.234375,64,74,1453,1,1,850,1,-29.039917,-204.408417,34.191437,-0.1463,-0.00952,0.12095999999999998
2017-05-20T18:19:20-03:00,0.772034,-0.5294800000000001,0.287231,31.701715000000004,-52.037239,-61.521126,214944.234375,64,308,1450,1,1,517,0,39.395294,-86.282349,0.9420780000000001,-0.0882,-0.03766,0.12474
2017-05-20T18:19:20-03:00,-0.161377,0.031127999999999996,1.999756,13.742241,4.613119999999999,0.8917860000000001,214944.234375,255,438,1,0,1,3857,0,-63.186493000000006,-6.676788,65.481873,-0.13482,-0.01218,0.14518
2017-05-20T18:19:20-03:00,0.15124500000000002,0.364014,0.734009,13.59515,-10.459044,26.377985,214944.234375,36,2393,2174,1,2004,0,1,3.499146,72.569885,-20.994873000000002,-0.1372,-0.01204,0.13762
2017-05-20T18:19:20-03:00,0.279602,0.012206999999999999,0.9242549999999999,20.606888,-16.830021,0.756686,214944.4375,35,2687,2534,1299,2776,0,1,2.332764,10.497437,-13.951721,-0.16954,-0.03612,0.12866
2017-05-20T18:19:20-03:00,0.33868400000000004,0.115601,0.9048459999999999,15.996914000000002,-20.369076,7.280507000000001,214944.4375,34,2724,2615,1412,2846,10,1,-4.635619999999999,2.706604,1.465454,-0.14196,-0.01848,0.12362000000000001
2017-05-20T18:19:21-03:00,0.296265,0.20080599999999998,0.912659,13.429302999999999,-17.590385,12.408661,214944.4375,36,2741,2751,1538,2864,0,0,-7.080536,-0.142059,-1.4953610000000002,-0.17822000000000002,-0.015119999999999998,0.1232
2017-05-20T18:19:21-03:00,0.384827,0.134949,0.894287,9.509496,-23.049723,8.581241,214944.4375,26,2649,2886,2053,2893,9,0,-6.945953,21.51825,10.235748,-0.18984,-0.0030800000000000003,0.13062
2017-05-20T18:19:21-03:00,0.343567,0.13562000000000002,0.8947139999999999,16.881304,-20.789735999999998,8.619238000000001,214943.625,17,2075,3010,2489,2809,770,1,15.12558,59.65744,-14.878845000000002,-0.1967,-0.0287,0.11942
2017-05-20T18:19:21-03:00,0.39447,0.064331,1.1239620000000001,20.017012,-19.309973,3.275805,214943.625,19,1095,2900,2631,1825,3,1,6.4225769999999995,127.905731,-27.499695000000003,-0.182,-0.03682,0.10094
2017-05-20T18:19:21-03:00,0.9927370000000001,-0.315369,0.637146,18.945419,-54.392605,-26.334065999999996,214943.625,56,183,711,1726,400,611,0,91.97219799999999,244.96261600000003,-101.542511,-0.20972,-0.038360000000000005,-0.0014
2017-05-20T18:19:21-03:00,0.532471,-0.419128,0.840576,27.982826,-29.548709999999996,-26.50178,214943.625,56,3,849,1,1,2120,1,-119.98031599999999,-47.328185999999995,37.855072,-0.18045999999999998,-0.06356,-0.0644
2017-05-20T18:19:21-03:00,0.373596,-0.399658,0.390137,16.044710000000002,-33.779194,-45.690704,214944.03125,47,69,1273,1,1,1388,0,-144.08554099999998,-206.771088,17.44339,-0.22651999999999997,-0.02968,0.028839999999999998
2017-05-20T18:19:21-03:00,0.901917,0.044433999999999994,1.162415,23.867435,-37.787601,2.18908,214944.03125,44,85,1464,1,1,972,0,-57.922821,-206.950531,1.704712,-0.168,-0.045919999999999996,0.11886
2017-05-20T18:19:21-03:00,1.490479,-0.015137000000000001,0.914795,22.252879999999998,-58.456596,-0.9479620000000001,214944.03125,44,146,1561,1,1,617,0,52.053528,-157.050323,41.503754,-0.13005999999999998,-0.031639999999999995,0.14224
2017-05-20T18:19:22-03:00,1.736633,-0.43505900000000003,0.38574200000000003,37.08511,-71.488991,-48.438385,214944.03125,255,300,1535,0,1,1176,0,-47.253417999999996,-17.787323,-13.15918,-0.11214,-0.0609,0.12292
2017-05-20T18:19:22-03:00,1.255371,-0.0038450000000000003,1.372498,27.848864000000003,-42.447853,-0.160521,214944.234375,91,1254,581,0,1,3939,1,15.962982,11.461945,11.155396000000001,-0.13496,-0.04718,0.12054000000000001
2017-05-20T18:19:22-03:00,0.294617,0.225525,0.978088,21.526508,-16.357775,12.984172000000001,214944.234375,47,2316,1917,1,1986,10,0,-9.517975,28.838043,-8.583374000000001,-0.17052,-0.0392,0.12376
2017-05-20T18:19:22-03:00,0.25885,0.175903,0.916565,16.869085000000002,-15.501449,10.863874000000001,214944.234375,37,2556,2435,573,2686,9,1,-9.278717,11.514282000000001,-4.740295,-0.1624,-0.02366,0.11717999999999999
2017-05-20T18:19:22-03:00,0.290466,0.110901,0.9221799999999999,19.128065,-17.365745999999998,6.857427,214944.234375,39,2642,2652,1346,2808,9,1,-5.121613,1.6822810000000001,0.276642,-0.1624,-0.030239999999999996,0.1155
2017-05-20T18:19:22-03:00,0.32782,0.058899,0.9027709999999999,23.54138,-19.91828,3.7328230000000002,214943.625,34,2662,2783,1732,2862,1,0,-5.129089,9.839478,7.65625,-0.1666,-0.04452,0.12334
2017-05-20T18:19:22-03:00,0.32263200000000003,0.13739,0.916992,12.506321,-19.185509,8.521069,214943.625,22,2519,2972,2300,2870,8,1,-5.076752,16.658325,5.218811,-0.1897,-0.013019999999999999,0.1239
2017-05-20T18:19:22-03:00,0.312012,0.14813199999999999,0.9639280000000001,21.50856,-17.741135,8.736621000000001,214943.625,22,1366,3066,2544,2382,423,1,20.964966,104.899597,-24.680939000000002,-0.19516,-0.0448,0.09813999999999999
2017-05-20T18:19:22-03:00,0.687439,0.759583,0.8269040000000001,27.799007,-31.476653999999996,42.570141,214943.625,16,30,2373,2144,510,2,1,101.609802,244.96261600000003,-79.470978,-0.17107999999999998,-0.05964,0.0441
2017-05-20T18:19:23-03:00,-1.0420530000000001,-0.038086,1.253357,20.021969,39.727467,-1.74052,214943.625,99,18,1251,1,1,1500,0,-9.652557,-21.510773,29.234314,-0.19852,-0.04018,-0.04676
2017-05-20T18:19:23-03:00,0.60083,-0.5092770000000001,0.76825,23.12335,-33.098576,-33.540646,214943.625,47,179,1418,1,1,1661,0,-97.841492,-204.32617199999999,-4.366455,-0.2191,-0.056839999999999995,0.0091
2017-05-20T18:19:23-03:00,0.868042,0.042664,1.122314,22.742168,-37.699757,2.176989,214943.625,35,270,1550,1,1,967,0,-96.74987800000001,-228.012695,-9.660034,-0.19474,-0.049139999999999996,0.09772
2017-05-20T18:19:23-03:00,0.827515,-0.154907,0.9555049999999999,37.393898,-40.526718,-9.208714,214943.625,35,295,1597,1,1,634,0,28.509064000000002,-173.626404,65.683746,-0.09926,-0.0546,0.1274
2017-05-20T18:19:23-03:00,0.9468989999999999,-0.20855700000000002,-0.014099,39.241886,-77.55130799999999,-93.867485,214944.4375,255,400,1386,0,1,890,0,25.495911,47.283325,-17.615356,-0.098,-0.0581,0.11606
2017-05-20T18:19:23-03:00,0.593811,0.808655,0.616943,20.666961999999998,-30.276968,52.659065000000005,214944.4375,255,786,2,0,1,3859,0,13.383484,160.108337,2.9757689999999997,-0.14056,-0.0301,0.1365
2017-05-20T18:19:23-03:00,0.44415299999999996,0.762512,0.795288,23.541763,-21.955589,43.794685,214944.4375,47,2001,1849,1,1287,10,1,-15.551758,20.606079,18.35556,-0.1645,-0.04396,0.13524
2017-05-20T18:19:23-03:00,0.123779,0.157593,0.9306639999999999,13.880446,-7.470811,9.610937,214944.4375,40,2224,2502,1,1891,1,0,23.821106,20.979919,-11.910553,-0.17052,-0.015819999999999997,0.1407
2017-05-20T18:19:24-03:00,0.287903,0.082703,0.9163819999999999,15.003764000000002,-17.374992000000002,5.156922,214944.234375,32,2389,2741,1161,2284,0,1,9.218903,-6.76651,-1.7420959999999999,-0.17906,-0.02016,0.1232
2017-05-20T18:19:24-03:00,0.29888899999999996,0.112854,0.9048459999999999,15.29605,-18.148153,7.109319,214944.234375,31,2507,2841,1,2589,2,0,-2.50473,0.456085,-0.657959,-0.1498,-0.01764,0.12712
2017-05-20T18:19:24-03:00,0.298218,0.17993199999999998,0.914917,23.514398999999997,-17.735544,11.126052,214944.234375,26,2420,3018,2276,2712,14,1,2.213135,20.381775,-0.732727,-0.16744,-0.044660000000000005,0.12487999999999999
2017-05-20T18:19:24-03:00,0.34576399999999996,0.073425,0.9897459999999999,15.522357999999999,-19.207773,4.242772,214944.234375,17,1284,3083,2559,2347,242,1,32.411957,100.57800300000001,-25.174408,-0.20006,-0.02436,0.1008
2017-05-20T18:19:24-03:00,0.536072,0.342529,0.934998,25.970222,-28.295890999999997,20.119926,214943.828125,25,161,1365,2059,399,1,0,123.023376,244.96261600000003,-105.78186000000001,-0.22708000000000003,-0.07112,0.033319999999999995
2017-05-20T18:19:24-03:00,-0.520447,0.45239300000000005,1.091492,27.147996999999997,23.772793,22.512629999999998,214943.828125,25,37,1008,1,1,2414,1,-75.171814,-10.818939,-12.26944,-0.1988,-0.06677999999999999,-0.036539999999999996
2017-05-20T18:19:24-03:00,0.48181199999999996,-0.535706,0.8047489999999999,27.379183,-26.490934000000003,-33.650940000000006,214943.828125,56,2,1232,1,1,1973,1,-128.735657,-213.11142,58.334044999999996,-0.21756,-0.07406,0.00826
2017-05-20T18:19:24-03:00,1.059631,0.257751,1.224426,18.532688,-40.259609000000005,11.88765,214943.828125,41,9,1488,1,1,1641,1,-58.348999,-215.818024,49.885253999999996,-0.19866,-0.03486,0.11452000000000001
2017-05-20T18:19:25-03:00,1.2666629999999999,-0.087341,0.7619020000000001,21.338715,-58.807491000000006,-6.539607,214943.625,41,119,1577,1,1,1127,0,20.553741,-161.312103,36.823273,-0.1218,-0.02758,0.13818
2017-05-20T18:19:25-03:00,1.11554,-0.006958,0.578979,22.449097000000002,-62.568413,-0.688531,214943.625,255,227,868,1,1,3483,1,5.15152,40.202789,29.099731,-0.1582,-0.039060000000000004,0.13005999999999998
2017-05-20T18:19:25-03:00,0.491638,0.127869,0.8598020000000001,9.106954,-29.491778999999998,8.458953,214943.625,68,1271,1206,1,1,3935,0,-39.0065,21.877136,38.79715,-0.16744,-0.0015400000000000001,0.12068
2017-05-20T18:19:25-03:00,0.20813,0.250183,0.9326780000000001,20.244920999999998,-12.163089999999999,15.015632,214943.625,41,2103,2150,1,1543,8,0,-6.04126,18.796692,-7.476807000000001,-0.1519,-0.03136,0.12292
2017-05-20T18:19:25-03:00,0.26886,0.11718800000000001,0.904907,15.183910000000001,-16.417749,7.378864,214944.640625,36,2271,2472,1,2041,8,0,2.287903,3.768311,-5.600128,-0.18018,-0.02086,0.1239
2017-05-20T18:19:25-03:00,0.273438,0.144836,0.9059450000000001,18.791377999999998,-16.596208999999998,9.0832,214944.640625,39,2415,2636,1133,2296,3897,1,-2.8561400000000003,1.3308719999999998,-0.7102970000000001,-0.18886,-0.03402,0.12054000000000001
2017-05-20T18:19:25-03:00,0.298096,0.05798300000000001,0.881287,18.934122,-18.65061,3.7642949999999997,214944.640625,33,2481,2831,1287,2506,0,0,-1.3383479999999999,6.400146,6.145935,-0.1862,-0.03402,0.12124000000000001
2017-05-20T18:19:25-03:00,0.284119,0.086975,0.944031,16.686664999999998,-16.683163,5.2638940000000005,214944.640625,26,2359,3037,2232,2669,15,1,4.942169,34.924164000000005,4.433746,-0.19166,-0.0273,0.11465999999999998
2017-05-20T18:19:25-03:00,0.378296,0.18249500000000002,1.0523069999999999,14.741097,-19.504393,9.838597,214943.625,16,978,3081,2473,1631,562,1,20.950012,141.879883,-30.019378999999997,-0.23604,-0.025480000000000003,0.08876
2017-05-20T18:19:26-03:00,1.215881,-0.658325,1.283447,19.836758,-40.1287,-27.154882,214943.625,40,5,1193,599,1,1916,0,46.677704,244.96261600000003,-92.091827,-0.23212,-0.0462,0.00168
2017-05-20T18:19:26-03:00,0.312317,-0.2901,0.924377,14.845937,-17.867504,-17.423574,214943.625,40,60,1337,1,1,1735,1,-53.870392,-96.40594499999999,43.230896,-0.23715999999999998,-0.026039999999999997,-0.02982
2017-05-20T18:19:26-03:00,0.581299,-0.102966,0.780762,10.150332,-36.432392,-7.512772999999999,214943.625,48,81,1500,0,1,1616,0,-50.004883,-227.88558999999998,-27.978209999999997,-0.2247,-0.0061600000000000005,0.042
2017-05-20T18:19:26-03:00,0.868713,0.284058,1.17804,9.09019,-35.635864,13.556795000000001,214944.84375,65,74,1468,1,1,1306,0,-12.022705,-186.994934,21.847229000000002,-0.15722,-0.0014,0.12824000000000002
2017-05-20T18:19:26-03:00,0.8878780000000001,-0.100586,0.45623800000000003,23.714014000000002,-62.247032,-12.433005,214944.84375,65,163,1472,1,1,970,1,-1.831818,-84.323425,18.968657999999998,-0.10094,-0.0273,0.14392
2017-05-20T18:19:26-03:00,0.389648,0.223083,1.272705,0.932716,-16.781218,9.941975,214944.84375,255,184,944,1,1,3618,1,-15.058289000000002,-79.366302,36.987762,-0.13972,0.01876,0.14182
2017-05-20T18:19:26-03:00,0.14263900000000002,-0.329041,1.236267,21.36112,-6.362048000000001,-14.904123,214944.84375,53,1572,1100,1,1,3929,1,-56.965790000000005,21.652832,8.403931,-0.16477999999999998,-0.037380000000000004,0.12684
2017-05-20T18:19:26-03:00,0.125977,0.322571,0.891907,13.325909,-7.565980000000001,19.883247,214944.234375,45,2090,2361,1,1631,1,1,3.454285,4.755249,-5.084229,-0.18717999999999999,-0.01554,0.13972
2017-05-20T18:19:27-03:00,0.514709,-0.051575,0.905334,16.87631,-29.579646999999998,-3.260478,214944.234375,35,2342,2574,115,2232,2,0,13.15918,-6.878661999999999,-4.6804809999999994,-0.19585999999999998,-0.028560000000000002,0.11815999999999999
2017-05-20T18:19:27-03:00,0.27374299999999996,0.140381,0.937378,13.810807,-16.109220999999998,8.517265,214944.234375,37,2469,2709,1442,2522,0,0,-1.712189,4.897308,-5.17395,-0.1988,-0.0182,0.1267
2017-05-20T18:19:27-03:00,0.250671,0.10723900000000001,0.905701,14.743382,-15.368298999999999,6.752622,214944.234375,35,2611,2847,1947,2775,0,0,3.2673650000000003,10.422668,-5.3160099999999995,-0.18928,-0.02044,0.12222000000000001
2017-05-20T18:19:28-03:00,0.20361300000000002,0.128296,0.9071040000000001,18.358407999999997,-12.530496000000001,8.050207,214943.828125,26,2362,3006,2572,2841,2675,0,9.196472,22.325745,6.273041,-0.20146,-0.03472,0.12445999999999999
2017-05-20T18:19:30-03:00,0.11029100000000001,0.046814,0.9509280000000001,8.478860000000001,-6.60779,2.8183830000000003,214943.625,32,2439,2827,1348,2277,1,1,-2.661743,7.6712039999999995,3.3944699999999997,-0.15862,0.00028,0.12054000000000001
2017-05-20T18:19:30-03:00,0.288635,0.099854,0.9135129999999999,9.348722,-17.437033,6.238072,214943.40625,27,2514,2904,2076,2651,1,0,1.667328,8.688049000000001,-1.166382,-0.17737999999999998,-0.00238,0.11535999999999999
2017-05-20T18:19:30-03:00,1.999756,0.624084,1.035339,21.25317,-58.846302,31.080837,214943.625,41,27,1649,1346,1,884,1,135.741425,226.532288,-132.107697,-0.21168,-0.0476,-0.015819999999999997
2017-05-20T18:19:30-03:00,0.19574,-0.253906,0.9428709999999999,22.98299,-11.335192,-15.071679999999999,214943.625,100,20,1111,1,1,1666,1,-50.812378,-100.413513,5.9889220000000005,-0.20551999999999998,-0.052779999999999994,-0.055439999999999996
2017-05-20T18:19:30-03:00,0.39007600000000003,-0.155579,0.564026,21.548057999999997,-33.691146999999994,-15.420770999999998,214943.625,56,158,1563,1,1,1469,1,-134.096527,-213.926392,5.301056,-0.15442,-0.03556,0.03402
2017-05-20T18:19:31-03:00,0.8807370000000001,-0.07366900000000001,1.439697,24.805944,-31.422945000000002,-2.929275,214943.625,70,94,1430,0,1,1230,0,-53.78066999999999,-202.098083,12.725525,-0.1169,-0.03402,0.11984000000000002
2017-05-20T18:19:31-03:00,1.2036129999999998,-0.48742700000000005,1.064514,24.271244,-45.791721,-24.602407,214944.234375,70,135,1273,1,1,815,1,11.880646,-128.174896,33.264313,-0.13355999999999998,-0.03752,0.13034
2017-05-20T18:19:31-03:00,0.5002439999999999,-0.027161,0.930847,11.233272999999999,-28.243747999999997,-1.6713259999999999,214944.234375,35,2293,2372,4,2177,3943,1,14.437714000000001,20.785522,-12.725525,-0.1722,-0.00798,0.12208
2017-05-20T18:19:31-03:00,0.260803,0.096741,0.9320069999999999,19.007494,-15.553711999999999,5.925982,214944.640625,33,2412,2576,1100,2398,3913,0,-2.893524,2.071075,-2.108459,-0.1841,-0.03388,0.12025999999999999
2017-05-20T18:19:31-03:00,0.30127,0.12262,0.890991,16.331779,-18.519369,7.835914,214944.640625,34,2464,2726,1302,2500,2,0,-7.932892,4.306641,2.370148,-0.18717999999999999,-0.025480000000000003,0.1239
2017-05-20T18:19:31-03:00,0.216736,0.108215,0.9225459999999999,18.093647,-13.133970999999999,6.690262,214944.640625,32,2503,2906,1866,2631,1,0,-8.388977,6.646881,3.4393309999999997,-0.15204,-0.025480000000000003,0.11424000000000001
2017-05-20T18:19:31-03:00,0.07196,0.165894,0.9609989999999999,6.860861,-4.22018,9.794227000000001,214944.640625,19,1932,3073,2441,2601,2814,1,20.217285,44.658966,9.241333000000001,-0.20524,0.0061600000000000005,0.1141
2017-05-20T18:19:32-03:00,0.35931399999999997,0.09295700000000001,1.214844,9.275866,-16.43119,4.375591,214944.4375,15,279,2985,2258,693,4,0,14.579773000000001,125.19165,-27.955779999999997,-0.20748000000000003,-0.00252,0.0798
2017-05-20T18:19:32-03:00,1.999756,-0.626709,1.034302,23.541059,-58.836452,-31.212708000000003,214944.4375,54,2,1012,1,1,2178,1,17.002257999999998,244.96261600000003,-44.830933,-0.23576,-0.063,-0.00966
2017-05-20T18:19:32-03:00,0.11193800000000001,-0.105103,0.876282,19.470575,-7.228428999999999,-6.839469,214944.4375,86,67,1239,0,1,1817,1,-12.508697999999999,-70.416565,24.897766,-0.23576,-0.045360000000000004,-0.021
2017-05-20T18:19:32-03:00,0.5073850000000001,0.042908,0.823608,18.829681,-31.600546,2.982255,214944.4375,31,56,1454,1,1,1612,0,-49.212340999999995,-220.072327,12.142334,-0.21756,-0.03934,0.052079999999999994
2017-05-20T18:19:32-03:00,0.903076,0.198669,1.239624,19.402475,-35.728546,9.105129,214943.40625,70,96,1396,1,1,1095,1,12.022705,-199.675598,53.61618000000001,-0.21238,-0.0406,0.12838
2017-05-20T18:19:32-03:00,1.097839,-0.367249,-0.090088,23.683249,-70.994392,-103.78278399999999,214943.40625,70,125,1363,0,0,965,1,32.225037,13.047028,14.220885999999998,-0.16548,-0.044660000000000005,0.14042000000000002
2017-05-20T18:19:32-03:00,-0.60144,1.1839600000000001,1.766113,22.646399,15.794354,33.836952000000004,214943.40625,255,394,334,0,1,3813,1,-5.039368,167.996368,24.494019,-0.12516,-0.03136,0.15274000000000001
2017-05-20T18:19:32-03:00,0.43621800000000005,-0.418274,1.2802120000000001,19.520288,-17.946621,-18.093369,214943.40625,55,1851,1305,0,4,3954,0,-33.555908,52.816162,-11.618958000000001,-0.16296,-0.0315,0.1428
2017-05-20T18:19:33-03:00,0.217712,0.176453,0.957031,17.02264,-12.610368,10.446589,214944.640625,40,2239,2160,1,1566,1,1,-1.40564,15.394745,-2.228088,-0.2226,-0.03304,0.14742
2017-05-20T18:19:33-03:00,0.334595,0.13903800000000002,0.909424,18.731468,-19.986,8.692409,214944.640625,36,2357,2480,1,2059,2,1,10.041350999999999,17.518158,-7.970275999999999,-0.16576,-0.02968,0.13902
2017-05-20T18:19:33-03:00,0.276733,0.094788,0.905334,20.110342000000003,-16.909697,5.9770330000000005,214944.640625,35,2437,2617,867,2329,0,1,4.269257,0.9196469999999999,-0.70282,-0.14686,-0.029960000000000004,0.1365
2017-05-20T18:19:33-03:00,0.25012199999999996,0.162903,0.9319459999999999,19.444456,-14.80894,9.91505,214944.640625,23,2513,2881,1886,2604,1,1,-1.607513,19.589233,0.485992,-0.19768,-0.037939999999999995,0.1253
2017-05-20T18:19:33-03:00,0.10790999999999999,0.18975799999999998,0.91095,13.89623,-6.615017999999999,11.766909,214944.234375,19,1408,3051,2521,2281,1143,1,22.318268,119.554138,-17.652739999999998,-0.21966,-0.02044,0.12347999999999999
2017-05-20T18:19:33-03:00,0.45623800000000003,0.139404,1.488892,21.28001,-16.966601999999998,5.348985,214944.234375,19,1,2310,1495,1,1,0,-9.24881,244.96261600000003,-106.22299199999999,-0.25284,-0.056979999999999996,0.04018
2017-05-20T18:19:33-03:00,-0.134155,-0.23406999999999997,0.580322,17.423059,12.100541,-21.966414999999998,214944.234375,93,20,1180,0,0,2185,1,46.116943,3.469238,33.264313,-0.27986,-0.043539999999999995,-0.01414
2017-05-20T18:19:33-03:00,0.479187,0.080627,0.587769,20.299599,-38.927845,7.810828,214944.234375,57,74,1380,1,1,1891,0,-62.52853399999999,-206.07574499999998,-14.946136,-0.23688,-0.049139999999999996,0.04648
2017-05-20T18:19:34-03:00,0.911377,0.209473,1.196655,34.215557000000004,-36.877106,9.928939,214945.046875,51,80,1564,1,1,1349,0,4.9272160000000005,-220.595703,54.752655000000004,-0.19138,-0.09183999999999999,0.14307999999999998
2017-05-20T18:19:34-03:00,1.75,-0.411682,0.705994,41.567089,-64.967239,-30.247507000000002,214945.046875,51,111,1378,0,1,843,0,9.450683999999999,-76.158752,-29.608154,-0.13804,-0.0896,0.1785
2017-05-20T18:19:34-03:00,-0.9884639999999999,0.476379,1.999756,35.41502,25.679991,13.399197000000001,214945.046875,255,461,759,1,1,3767,1,-38.812103,-135.203094,111.6362,-0.15414,-0.07798,0.17178
2017-05-20T18:19:34-03:00,0.5349119999999999,0.287476,0.795898,29.446253000000002,-32.29763,19.859533,214945.046875,45,1973,1862,1,1114,11,1,-62.84256,-73.67645300000001,100.323792,-0.16968,-0.06468,0.16226
2017-05-20T18:19:34-03:00,0.354248,0.07989500000000001,0.769836,37.84568,-24.593657999999998,5.925048,214944.640625,47,2176,2236,1,1737,7,1,-1.106567,1.547699,-3.237457,-0.1449,-0.0812,0.17654
2017-05-20T18:19:34-03:00,0.26251199999999997,0.182556,0.951416,24.635326,-15.161588,10.861804,214944.640625,34,2256,2423,1,1937,8,1,7.5291440000000005,16.172333,-6.377716,-0.19264,-0.055439999999999996,0.16926
2017-05-20T18:19:34-03:00,0.21704099999999998,0.13677999999999998,0.8973389999999999,35.611649,-13.447509,8.666783,214944.640625,40,2364,2623,1193,2297,1,1,3.6412050000000002,2.078552,-1.816864,-0.16435999999999998,-0.08386,0.1603
2017-05-20T18:19:34-03:00,0.17968800000000001,0.14856,0.897278,32.770649,-11.175934,9.401006,214944.640625,39,2458,2874,1995,2622,0,1,1.532745,11.200256,-2.3028560000000002,-0.18886,-0.08484,0.15946
2017-05-20T18:19:34-03:00,0.014221000000000001,0.240601,0.9637450000000001,31.046751,-0.820234,14.017458999999999,214945.671875,24,1993,3029,2437,2724,2239,0,19.664001000000003,54.715270999999994,-4.037476,-0.16758,-0.0693,0.15288
2017-05-20T18:19:35-03:00,-0.002502,0.16217,1.2854,25.696452999999998,0.110667,7.1906360000000005,214945.671875,19,363,2745,2351,1004,2,0,-7.267456,237.059631,-41.571045,-0.2464,-0.07587999999999999,0.11256
2017-05-20T18:19:35-03:00,-0.23199499999999998,0.779907,1.999756,17.534016,6.168729,21.305845,214945.671875,72,20,1189,1,1,1977,0,-37.36908,17.809753,30.310973999999998,-0.24345999999999998,-0.038360000000000005,0.0224
2017-05-20T18:19:35-03:00,0.288269,0.010681,1.044434,19.466760999999998,-15.429008999999999,0.585929,214945.671875,69,111,1225,1,1,1772,1,-29.832458000000003,-144.922943,28.314667,-0.24094000000000002,-0.04634,0.039760000000000004
2017-05-20T18:19:35-03:00,0.950073,0.11236600000000001,1.212708,21.375744,-37.957439,5.293735,214944.234375,31,178,1287,1,1,1423,0,-59.455566000000005,-226.532288,-41.982269,-0.20342000000000002,-0.0462,0.11578
2017-05-20T18:19:35-03:00,1.999756,-0.156616,1.374268,23.124609,-55.329708,-6.501572,214944.234375,31,185,1149,1,0,911,1,63.866882,-196.76712,73.384857,-0.13706,-0.03556,0.13104000000000002
2017-05-20T18:19:36-03:00,0.003235,0.27313200000000004,1.2427979999999998,6.747501,-0.14565799999999998,12.394964,214944.84375,11,243,2901,1,126,5,0,3.91037,182.635956,-41.339264,-0.18816,0.00602,0.105
2017-05-20T18:19:36-03:00,1.4520870000000001,0.8886719999999999,1.7185669999999997,13.795726,-36.889492,27.34351,214944.84375,58,74,1501,1,1,2226,1,-12.247009,63.164062,10.190887,-0.23772,-0.0217,0.026039999999999997
2017-05-20T18:19:36-03:00,0.22302199999999997,-0.020752,0.915833,8.228889,-13.682834,-1.298049,214944.84375,67,113,1617,1,1,2186,1,-14.333038,-114.200745,7.2151179999999995,-0.2513,0.0015400000000000001,0.02702
2017-05-20T18:19:36-03:00,0.69458,0.10540799999999999,1.093201,11.031879,-32.310513,5.507502,214944.4375,31,167,1572,1,1,1701,1,-34.333496000000004,-229.72488399999997,-32.800751,-0.21252,-0.0091,0.08582000000000001
2017-05-20T18:19:36-03:00,1.338684,0.308716,1.2337040000000001,7.0167600000000006,-46.468956,14.048915,214944.4375,31,228,1492,0,1,1051,1,49.840393,-201.35788,73.668976,-0.14364000000000002,0.00392,0.1246
2017-05-20T18:19:37-03:00,1.641113,-0.493408,-1.240234,18.336361,-50.877266,-158.30561799999998,214944.4375,143,271,1331,1,1,918,0,-20.531311,121.03454599999999,-21.017303,-0.06188,-0.01064,0.11746
2017-05-20T18:19:37-03:00,1.887085,-0.906799,0.9594729999999999,16.689445000000003,-55.023883999999995,-43.383324,214944.4375,87,1078,765,0,1,3922,0,61.033173,120.750427,-66.05011,-0.1631,-0.02324,0.12838
2017-05-20T18:19:37-03:00,0.27624499999999996,0.162598,1.016357,11.053442,-15.023368,9.089203999999999,214944.640625,14,871,3036,2490,1560,5,1,-1.532745,130.702057,-24.39682,-0.19446,-0.0084,0.09436
2017-05-20T18:19:37-03:00,1.3619379999999999,-0.26239,1.067993,15.417662,-51.079421999999994,-13.803331,214944.640625,41,69,1381,1144,380,584,1,96.69754,244.96261600000003,-92.562866,-0.18564,-0.02226,0.01568
2017-05-20T18:19:38-03:00,-0.24041700000000002,-0.24725300000000003,0.433167,19.875914,25.735214000000003,-29.71792,214944.640625,99,166,993,1,1,2353,1,3.072968,-37.301788,29.181976000000002,-0.22008000000000003,-0.04396,-0.0322
2017-05-20T18:19:38-03:00,-0.738647,-0.156006,1.678467,16.513884,23.662268,-5.310126,214945.046875,255,524,664,0,1,3708,1,-55.702208999999996,-103.778076,44.67392,-0.11452000000000001,-0.01596,0.12628
2017-05-20T18:19:38-03:00,0.10241700000000001,0.8227540000000001,1.511169,2.553,-3.4064010000000002,28.566015000000004,214944.234375,40,1891,1706,1,896,3944,0,-64.58465600000001,15.020904999999999,89.587097,-0.18564,0.0196,0.11578
2017-05-20T18:19:38-03:00,0.583252,0.08325199999999999,0.9204100000000001,8.75116,-32.256454,5.168392,214944.234375,31,2298,2421,304,2044,1,0,3.6636349999999998,2.773895,-0.41870100000000005,-0.18746,-0.00056,0.1071
2017-05-20T18:19:38-03:00,0.306091,0.153625,0.9006959999999999,8.674236,-18.520887,9.6794,214944.234375,30,2350,2648,1170,2255,1,1,-1.958923,4.844971,-1.629944,-0.17024,-0.00028,0.09827999999999999
2017-05-20T18:19:39-03:00,0.285889,0.11981199999999999,0.8993530000000001,7.321768,-17.489573999999998,7.588276,214944.234375,30,2380,2821,1502,2396,0,2,-1.472931,1.794434,0.41870100000000005,-0.21671999999999997,0.00476,0.10206
2017-05-20T18:19:39-03:00,0.250244,0.15863,0.9429930000000001,9.683696000000001,-14.66516,9.548898,214945.46875,24,2323,3016,2089,2531,15,1,3.813171,11.903075999999999,0.9196469999999999,-0.23254,-0.00448,0.1029
2017-05-20T18:19:39-03:00,0.273926,0.16528299999999999,0.9438479999999999,10.64382,-15.953766,9.932716000000001,214945.46875,12,1208,3109,2414,1917,1669,0,20.052795,98.27514599999999,-22.026672,-0.18648,-0.00672,0.09477999999999999
2017-05-20T18:19:39-03:00,0.500488,0.762817,1.266907,15.295985,-18.697615,31.052570000000003,214945.46875,19,40,2426,1678,1,2,1,95.613403,244.96261600000003,-88.97399899999999,-0.22708000000000003,-0.026739999999999996,0.03864
2017-05-20T18:19:39-03:00,-0.35931399999999997,-0.221619,0.8765870000000001,12.515425,21.672745000000003,-14.188209,214945.46875,94,14,1150,0,1,1806,0,-0.343933,-32.419434,15.865784,-0.1974,-0.013580000000000002,-0.04802
2017-05-20T18:19:41-03:00,0.928406,-0.161377,1.221069,14.027806,-37.007801,-7.5286,214945.046875,31,188,1152,1,1,1549,0,-69.377289,-237.089539,-4.179535,-0.20257999999999998,-0.01932,0.06874
2017-05-20T18:19:41-03:00,1.405884,0.044922000000000004,1.460144,16.704201,-43.901852000000005,1.76217,214945.046875,31,130,1041,0,0,776,1,29.533386,-154.36615,65.048218,-0.19025999999999998,-0.027160000000000004,0.1204
2017-05-20T18:19:41-03:00,1.478516,-0.23095700000000002,-1.0889280000000001,16.627468,-53.02447900000001,-168.02526899999998,214945.046875,137,206,1007,1,1,846,0,15.439606,71.20163000000001,-40.06073,-0.14952000000000001,-0.02114,0.12852
2017-05-20T18:19:41-03:00,1.628967,0.008911,0.763916,10.314424,-64.873932,0.668329,214946.078125,58,1185,1,1,1,3887,1,27.791290000000004,217.844238,-20.531311,-0.18955999999999998,-0.0057399999999999994,0.11494000000000001
2017-05-20T18:19:41-03:00,0.530273,0.291138,1.071167,9.317222000000001,-25.534376,15.205382,214946.078125,33,2269,2290,0,1920,1,0,43.051453,-9.697417999999999,8.097382000000001,-0.22848000000000002,-0.00294,0.1155
2017-05-20T18:19:41-03:00,0.26013200000000003,0.167664,0.9013059999999999,13.235367000000002,-15.841226,10.537875,214946.078125,29,2370,2625,976,2218,2,0,-1.502838,2.69165,-0.957031,-0.18395999999999998,-0.014980000000000002,0.10402
2017-05-20T18:19:41-03:00,0.235779,0.145813,0.9047850000000001,9.756413,-14.427684,9.154935,214946.078125,26,2390,2749,1269,2337,2,0,-1.607513,1.308441,-0.41870100000000005,-0.22498,-0.00462,0.11325999999999999
2017-05-20T18:19:42-03:00,0.216736,0.189453,0.904114,5.7326690000000005,-13.204246,11.834846,214944.640625,25,2420,2920,1732,2510,1,1,-0.807495,6.310425,2.287903,-0.18578,0.00924,0.1078
2017-05-20T18:19:42-03:00,0.13684100000000002,0.155701,0.9497680000000001,3.9745510000000004,-8.092092999999998,9.309999000000001,214944.640625,23,2053,3081,2332,2601,2524,1,19.858398,46.401061999999996,-0.8747860000000001,-0.22246,0.01792,0.10164
2017-05-20T18:19:42-03:00,-0.48193400000000003,0.461487,1.498779,9.088959,17.082860999999998,17.11404,214944.640625,12,382,2721,32,813,2,0,-8.336639,244.34204100000002,-83.800049,-0.22064,-0.00196,0.0679
2017-05-20T18:19:42-03:00,1.7456049999999999,0.365112,1.612061,15.064716,-46.562714,12.761503,214944.640625,86,71,1099,1,1,1820,1,20.65094,-22.004242,43.126221,-0.21924000000000002,-0.024919999999999998,-0.0469
2017-05-20T18:19:42-03:00,0.144104,-0.224304,0.607849,14.387863000000001,-12.539177,-20.254715,214944.234375,68,84,1389,1,1,1609,0,-6.564636,-149.909973,36.860657,-0.23674,-0.02408,-0.0245
2017-05-20T18:19:42-03:00,0.702393,0.020447,1.1420290000000002,15.492398999999999,-31.58905,1.025709,214944.234375,38,118,1383,1,1,1329,0,-21.144409,-243.975677,-54.296569999999996,-0.2044,-0.02478,0.05404
2017-05-20T18:19:42-03:00,1.4577639999999998,0.301514,0.9660030000000001,9.978398,-55.232002,17.33444,214944.234375,38,133,863,1,0,1406,0,1.031799,-76.869049,76.457825,-0.16058,-0.00392,0.11634000000000001
2017-05-20T18:19:42-03:00,1.999756,0.244263,-1.139832,17.018376999999997,-59.760971,167.904617,214944.234375,126,408,852,1,1,3439,0,23.761292,181.24527,-35.0737,-0.15288,-0.022680000000000002,0.10066
2017-05-20T18:19:42-03:00,1.091736,0.212463,0.30236799999999997,16.253832,-71.299164,35.094353000000005,214945.671875,43,1744,1601,0,956,3935,0,-58.191986,-20.359344,114.45495600000001,-0.17248,-0.02324,0.10878
2017-05-20T18:19:43-03:00,0.25195300000000004,0.166992,0.885437,9.382534,-15.6222,10.680451,214945.671875,34,2240,2450,56,2142,1,0,-3.2673650000000003,8.822632,-0.104675,-0.1799,-0.00252,0.10668
2017-05-20T18:19:43-03:00,0.258179,0.12243699999999999,0.904541,350.625336,-15.79333,7.70857,214945.671875,29,2325,2689,1250,2328,1,0,-0.740204,1.413116,-1.831818,-0.13566,0.04396,0.10864000000000001
2017-05-20T18:19:43-03:00,0.31304899999999997,0.176636,0.914307,7.0193080000000005,-18.581298999999998,10.934319,214945.671875,27,2364,2853,1518,2498,1,0,-5.570221,8.269347999999999,0.5159,-0.19012,0.00518,0.10934
2017-05-20T18:19:43-03:00,0.240112,0.23474099999999998,0.906616,11.613217,-14.380292,14.516248999999998,214945.46875,24,2316,3007,2078,2636,1,0,-1.07666,12.224578999999999,0.680389,-0.20608,-0.010920000000000001,0.1071
2017-05-20T18:19:43-03:00,0.214966,0.20080599999999998,0.9749760000000001,9.431631,-12.185929,11.637884,214945.46875,19,1148,3096,2472,2075,833,0,36.942902000000004,116.42883300000001,-28.800659000000003,-0.2072,-0.0030800000000000003,0.08428
2017-05-20T18:19:43-03:00,0.729797,0.059448,0.8286129999999999,11.141044,-41.298901,4.103612,214945.46875,20,1,2114,1421,1,2,0,37.159729,244.96261600000003,-86.588898,-0.2191,-0.0098,0.00266
2017-05-20T18:19:43-03:00,-0.8865360000000001,0.21557600000000002,0.8226319999999999,13.774428,46.191505,14.684538,214945.46875,97,73,1063,1,1,1884,1,-23.813629000000002,-71.209106,-14.123688000000001,-0.22791999999999998,-0.02072,-0.051379999999999995
2017-05-20T18:19:43-03:00,0.546387,-0.193848,0.49853500000000006,12.186154,-45.608829,-21.247799,214944.640625,44,89,1347,1,1,1561,1,-77.781219,-236.44653300000002,-13.286285000000001,-0.2177,-0.01372,0.012320000000000001
2017-05-20T18:19:44-03:00,1.090271,0.06219500000000001,1.240601,19.454451000000002,-41.274162,2.869997,214944.640625,50,98,1383,1,1,921,0,-22.512665,-208.206635,58.775177,-0.18802,-0.03612,0.09464
2017-05-20T18:19:44-03:00,0.233521,0.118103,0.9245,12.911045,-14.066172,7.279994,214945.265625,34,2371,2549,144,2254,1,1,6.564636,-1.6972349999999998,-1.4953610000000002,-0.1904,-0.014419999999999999,0.11102000000000001
2017-05-20T18:19:44-03:00,0.251465,0.106262,0.920349,4.671204,-15.185621,6.586127,214945.265625,34,2433,2603,879,2362,1,0,-4.11972,2.616882,-2.0561220000000002,-0.1967,0.01344,0.10808
2017-05-20T18:19:44-03:00,0.126709,0.07104500000000001,0.911926,1.377765,-7.886806,4.454712000000001,214945.265625,32,2496,2875,1402,2578,0,1,-10.833893,8.934784,3.91037,-0.16618,0.021,0.11087999999999999
2017-05-20T18:19:44-03:00,0.118652,0.18701199999999998,0.9600219999999999,15.551888,-6.916927,11.023137,214945.265625,20,2064,3079,2280,2653,2340,1,32.561493,46.632843,-3.215027,-0.19347999999999999,-0.02366,0.10402
2017-05-20T18:19:45-03:00,-0.13562000000000002,-0.017516999999999998,1.237671,13.215464,6.2527230000000005,-0.810869,214945.265625,15,388,2761,2214,381,3,0,-29.540863,206.389771,-51.410522,-0.24864,-0.02016,0.0679
2017-05-20T18:19:45-03:00,1.817871,0.399536,1.7518919999999998,18.084522,-45.332817,12.847139,214945.265625,70,80,1246,1,0,1919,0,11.843262,-37.22702,28.411865000000002,-0.21574000000000002,-0.03612,-0.01568
2017-05-20T18:19:45-03:00,0.310791,-0.26123,1.031616,20.417227,-16.280345999999998,-14.209991,214944.640625,59,82,1298,0,1,1765,1,-20.46402,-133.76007099999998,12.62085,-0.2044,-0.042839999999999996,0.00028
2017-05-20T18:19:45-03:00,0.9821780000000001,0.0014039999999999999,1.3615110000000001,19.838573,-35.80621,0.059076,214944.640625,32,99,1424,1,1,1298,0,-50.677795,-239.39239500000002,-22.572479,-0.21028000000000002,-0.04186,0.0763
2017-05-20T18:19:45-03:00,1.874207,0.10778800000000001,1.401184,10.087436,-53.13658100000001,4.398896,214944.640625,32,143,1278,0,1,639,0,80.52520799999999,-190.94268799999998,80.38314799999999,-0.133,-0.0035,0.1295
2017-05-20T18:19:45-03:00,1.643616,-0.650574,-0.428467,24.896486,-64.641357,-123.36882800000001,214944.640625,255,209,1347,1,1,960,1,-30.983887,18.68454,-35.395203,-0.13677999999999998,-0.04004,0.11774000000000001
2017-05-20T18:19:45-03:00,1.490479,-0.5405270000000001,0.925415,22.133395999999998,-54.28244,-30.288849,214945.046875,255,944,5,0,1,3922,0,1.3607790000000002,24.299622,-31.888579999999997,-0.1841,-0.04438,0.11872
2017-05-20T18:19:45-03:00,0.27636700000000003,0.476868,0.997925,18.296685999999998,-14.029654,25.541239,214945.046875,57,2014,1142,0,928,8,0,-22.669678,24.411773999999998,6.527252,-0.18395999999999998,-0.0315,0.12264000000000001
2017-05-20T18:19:46-03:00,0.09814500000000001,0.13531500000000002,0.9259639999999999,12.737805,-5.987166,8.314016,214945.046875,44,2202,2228,1,1661,3951,1,-7.402039,12.815247,-0.792542,-0.15792,-0.011479999999999999,0.12305999999999999
2017-05-20T18:19:46-03:00,0.21166999999999997,0.26568600000000003,0.928833,13.586123,-12.358266,15.962798999999999,214945.875,21,2281,3043,2326,2682,3201,1,-0.9944149999999999,32.643738,0.844879,-0.19977999999999999,-0.0175,0.1113
2017-05-20T18:19:46-03:00,0.301086,0.053466999999999994,1.053711,14.500622,-15.927260999999998,2.904778,214945.046875,54,104,1247,0,1,1756,1,13.749847,-79.93454,32.023163000000004,-0.2268,-0.02352,-0.016659999999999998
2017-05-20T18:19:47-03:00,0.077209,0.188904,0.946167,11.63767,-4.575235,11.290741,214945.046875,23,2138,3051,2477,2699,2404,1,31.297913,33.548431,-3.708496,-0.17822000000000002,-0.00952,0.1155
2017-05-20T18:19:47-03:00,0.3703,-0.006775,1.184326,15.673351,-17.362499,-0.327755,214945.046875,15,437,2952,2605,1272,3,1,-16.987305,169.33471699999998,-9.540405,-0.21825999999999998,-0.027160000000000004,0.0875
2017-05-20T18:19:48-03:00,1.5509030000000001,-0.666199,0.82196,20.890942000000003,-55.697952,-39.024757,214945.046875,58,57,826,1,1,1930,1,65.31738299999999,188.03421,-129.64035,-0.23800000000000002,-0.05194,-0.00742
2017-05-20T18:19:48-03:00,0.375488,-0.120117,1.196533,13.647160999999999,-17.340668,-5.732583999999999,214945.265625,58,9,1250,1,1,1758,0,11.544189,-127.50946,69.586639,-0.22735999999999998,-0.02016,-0.02408
2017-05-20T18:19:48-03:00,0.767029,-0.294189,1.16687,14.829666,-32.513157,-14.150423000000002,214945.265625,40,16,1321,0,1,1252,0,-46.10199,-228.16223100000002,-19.43222,-0.22371999999999997,-0.0245,0.056979999999999996
2017-05-20T18:19:48-03:00,1.105286,0.080688,1.464783,21.108809,-36.995499,3.152987,214945.265625,40,72,1282,1,1,983,1,-1.390686,-211.802979,23.125763,-0.13985999999999998,-0.03108,0.12278
2017-05-20T18:19:48-03:00,1.350098,-0.596191,-0.8903200000000001,28.370159,-51.56284,-146.192261,214945.265625,97,310,1223,0,1,445,0,41.541138000000004,99.239655,0.36636399999999997,-0.13034,-0.0469,0.126
2017-05-20T18:19:48-03:00,0.869202,0.284912,1.234253,24.146738,-34.457454999999996,12.998342,214945.671875,255,1153,0,1,1,3933,0,58.132172,228.70056200000002,-82.641144,-0.12614,-0.03514,0.13762
2017-05-20T18:19:48-03:00,0.996704,0.009766,1.00531,15.049376,-44.752357,0.556556,214945.671875,35,2338,2493,121,2135,1,1,64.99588,22.662201,-10.026398,-0.18395999999999998,-0.02086,0.13034
2017-05-20T18:19:48-03:00,0.312012,0.1474,0.9048459999999999,18.548357,-18.79533,9.252241999999999,214945.671875,36,2419,2717,1302,2445,1,1,-4.456176999999999,5.615082,-1.9065860000000001,-0.1617,-0.028419999999999997,0.12908
2017-05-20T18:19:48-03:00,0.326477,0.137756,0.8937379999999999,15.457265,-19.851129999999998,8.762333,214945.671875,30,2459,2798,1459,2542,1,1,-2.2355650000000002,1.0243229999999999,-1.6972349999999998,-0.1834,-0.022119999999999997,0.12012
2017-05-20T18:19:49-03:00,0.275208,0.160156,0.9107059999999999,12.120058,-16.574285999999997,9.974022999999999,214945.046875,27,2474,2912,2066,2649,1,1,-9.832001,13.802185,-1.443024,-0.1652,-0.01022,0.13384000000000001
2017-05-20T18:19:49-03:00,-0.326782,0.287048,1.999756,22.206995000000003,9.188191,8.168536,214945.046875,12,20,1072,1,1,2245,0,-15.103148999999998,-51.829223999999996,-0.127106,-0.24486,-0.05936,-0.022119999999999997
2017-05-20T18:19:49-03:00,0.24340799999999999,0.012145999999999999,0.868347,20.388025,-15.657371,0.801372,214945.46875,60,142,1274,1,1,1963,1,-36.733551,-164.26544199999998,31.469879,-0.22568000000000002,-0.04718,0.013999999999999999
2017-05-20T18:19:49-03:00,0.836304,0.269043,1.2928469999999999,23.973417,-32.346176,11.755543,214945.46875,33,171,1307,1,1,1471,0,-42.071991,-244.85046400000002,2.175751,-0.15204,-0.04186,0.09296
2017-05-20T18:19:50-03:00,1.9800419999999999,-0.284302,0.9257200000000001,22.648108999999998,-63.937798,-17.072461999999998,214945.46875,33,147,1109,1,1,882,0,53.526458999999996,-159.009247,30.639954,-0.11844,-0.02968,0.1302
2017-05-20T18:19:50-03:00,0.398376,0.2005,0.787659,13.439614,-26.111429,14.281475,214945.875,35,2144,2535,1,1911,1,0,10.445099,-2.347717,-9.398346,-0.1729,-0.0147,0.12754000000000001
2017-05-20T18:19:50-03:00,0.311462,0.155334,0.8935549999999999,5.201299,-18.953251,9.861678,214945.875,27,2215,2692,1152,2131,1,0,3.7608339999999996,-1.039276,-3.865509,-0.19208,0.011340000000000001,0.1281
2017-05-20T18:19:52-03:00,1.3739620000000001,-0.730042,0.05285599999999999,28.035126,-61.954384,-85.858902,214945.875,18,143,888,1,1,2083,1,194.142761,126.395416,-88.076782,-0.1946,-0.06874,-0.026739999999999996
2017-05-20T18:19:52-03:00,0.16864,-0.30090300000000003,1.31366,35.829440999999996,-7.132550999999999,-12.901455,214945.875,90,197,1356,1,1,1474,1,-56.763916,-146.777191,6.5347290000000005,-0.13047999999999998,-0.0672,-0.02198
2017-05-20T18:19:52-03:00,0.428345,-0.561096,1.18219,18.748165,-18.125007999999998,-25.390158,214945.46875,51,232,1186,1,1,1430,1,-36.651306,-231.47445699999997,56.576995999999994,-0.217,-0.038919999999999996,0.06734
2017-05-20T18:19:52-03:00,0.885315,0.214783,1.243958,20.198524,-35.042568,9.796151,214945.46875,51,115,1335,1,1,720,0,-21.450958,-162.156982,-29.436188,-0.11984000000000002,-0.024640000000000002,0.11746
2017-05-20T18:19:52-03:00,1.5048219999999999,-0.5237430000000001,-0.9922489999999999,26.034233,-53.291893,-152.17337,214945.46875,132,233,1449,0,1,443,1,34.221344,143.24813799999998,1.2486270000000002,-0.11844,-0.037239999999999995,0.13454000000000002
2017-05-20T18:19:52-03:00,0.7582399999999999,0.30127,0.658936,16.352591,-46.301926,24.570180999999998,214945.46875,255,746,10,0,1,3884,0,98.581696,244.91027799999998,-74.954987,-0.14462,-0.01974,0.12222000000000001
2017-05-20T18:19:52-03:00,0.49713100000000005,-0.037659,0.7384029999999999,13.954908999999999,-33.916016,-2.919565,214946.078125,44,2232,2100,1,1750,2,0,-8.321686,2.512207,1.061707,-0.15624000000000002,-0.0147,0.1246
2017-05-20T18:19:52-03:00,0.18457,0.075562,0.936157,15.729861999999999,-11.117989999999999,4.6146,214946.078125,37,2383,2517,406,2163,2,2,0.9495540000000001,7.6712039999999995,-4.590758999999999,-0.19866,-0.024919999999999998,0.11886
2017-05-20T18:19:53-03:00,0.255859,0.11193800000000001,0.9297489999999999,12.442826,-15.281335999999998,6.865168,214946.078125,36,2436,2729,1470,2323,1,1,-3.252411,5.398254,-2.64679,-0.1638,-0.011059999999999999,0.11578
2017-05-20T18:19:53-03:00,0.244385,0.130859,0.930359,17.236593,-14.580523000000001,8.006399,214946.078125,30,2461,2921,1936,2553,0,1,-3.147736,11.611481,3.4019470000000003,-0.16827999999999999,-0.02562,0.11367999999999999
2017-05-20T18:19:53-03:00,1.381409,0.26709,1.999756,13.261270000000001,-34.399776,7.6074720000000005,214945.046875,21,6,1257,0,1,2238,0,-10.295563000000001,-38.11676,28.202515000000002,-0.22568000000000002,-0.01848,-0.0182
2017-05-20T18:19:53-03:00,0.40936300000000003,-0.016357,0.8768309999999999,17.480375,-25.022461,-1.068738,214945.046875,67,6,1341,0,1,2027,1,-56.883545,-165.08789099999998,-6.519775,-0.21098000000000003,-0.03304,0.01008
2017-05-20T18:19:53-03:00,0.887329,0.187195,1.2962040000000001,19.129611999999998,-34.118854999999996,8.217711,214945.671875,36,162,1400,0,1,1452,1,-63.836975,-244.01306200000002,-11.103058,-0.1729,-0.0322,0.10444
2017-05-20T18:19:53-03:00,1.917053,-0.20849600000000001,1.1333010000000001,40.537403000000005,-58.990376,-10.42428,214945.671875,36,193,1137,1,1,969,1,81.09344499999999,-190.075378,57.010651,-0.07518,-0.0469,0.13062
2017-05-20T18:19:54-03:00,1.089783,-0.350769,-0.25793499999999997,22.880278,-68.222061,-126.32854499999999,214945.671875,255,471,708,1,1,3054,1,-101.923828,72.667084,42.438354,-0.11424000000000001,-0.02912,0.11746
2017-05-20T18:19:54-03:00,0.962708,-0.706055,0.886292,25.451836,-40.350769,-38.542206,214945.671875,53,1633,786,0,2,3937,1,-71.754913,23.589325,13.757323999999999,-0.1491,-0.045219999999999996,0.12292
2017-05-20T18:19:54-03:00,0.354675,0.181091,0.9241940000000001,13.110952,-20.636641,11.086364,214946.078125,36,2329,2453,1,2034,0,1,19.992981,50.289001,-17.877045000000003,-0.1855,-0.0147,0.11900000000000001
2017-05-20T18:19:54-03:00,0.33728,0.105347,0.913208,18.63275,-20.148209,6.580491,214946.078125,35,2452,2739,1195,2424,0,1,-4.3141169999999995,0.53833,-2.437439,-0.17374,-0.0308,0.11494000000000001
2017-05-20T18:19:54-03:00,0.290466,0.109802,0.9276120000000001,20.758247,-17.273726,6.750736999999999,214946.078125,28,2521,2826,1433,2605,1,0,-2.938385,4.411316,-1.315918,-0.1771,-0.03822,0.12278
2017-05-20T18:19:54-03:00,0.259521,0.126282,0.8925780000000001,20.433687,-16.060471,8.052748,214946.078125,29,2553,2944,2128,2704,1,1,-7.917938,9.577789,-1.001892,-0.13874,-0.02912,0.12236
2017-05-20T18:19:55-03:00,-0.8513790000000001,0.821716,1.999756,23.101181,21.494154,22.338167000000002,214945.875,13,65,1190,1,1,1830,1,-3.656158,-174.41146899999998,52.84606899999999,-0.20972,-0.05432000000000001,-0.027719999999999998
2017-05-20T18:19:55-03:00,0.331848,-0.282532,0.924316,22.883266,-18.949337,-16.996592,214945.875,58,94,1480,1,1,2031,0,-74.356842,-160.870972,13.772278,-0.2471,-0.063,-0.00014
2017-05-20T18:19:55-03:00,0.736694,0.035706,1.236694,19.889933,-30.77161,1.653772,214945.265625,37,98,1636,0,1,1395,0,-58.842468000000004,-245.0,9.959106,-0.1442,-0.028839999999999998,0.10962000000000001
2017-05-20T18:19:55-03:00,1.38208,-0.184021,0.947693,27.486722999999998,-55.065394999999995,-10.988824000000001,214945.265625,37,102,1591,1,1,817,0,62.446289,-195.518494,81.669159,-0.13734000000000002,-0.04704,0.12474
2017-05-20T18:19:55-03:00,0.7070310000000001,-0.67804,-0.783752,35.390957,-34.303261,-139.136276,214945.265625,255,380,1240,1,1,3036,1,-89.774017,122.95608500000002,-77.67654399999999,-0.11717999999999999,-0.05922,0.11367999999999999
2017-05-20T18:19:55-03:00,0.932739,-1.473938,1.310913,21.865578,-25.307484,-48.350266,214945.265625,51,1854,1439,1,593,3945,1,-122.02896100000001,44.808502000000004,11.768494,-0.14882,-0.03514,0.12655999999999998
2017-05-20T18:19:55-03:00,0.328491,0.292908,0.862793,2.155974,-19.825302,18.751724,214946.484375,38,2346,2522,1,1971,1,1,-5.166473000000001,14.691925,-2.572021,-0.0945,0.01064,0.13005999999999998
2017-05-20T18:19:55-03:00,0.326721,0.187805,0.897949,19.673723000000003,-19.60318,11.813071,214946.484375,30,2381,2777,263,2203,1,0,0.755157,-1.465454,2.190704,-0.14994000000000002,-0.0294,0.11955999999999999
2017-05-20T18:19:55-03:00,0.30456500000000003,0.14898699999999998,0.8969729999999999,17.88661,-18.518738,9.430708000000001,214946.484375,30,2404,2899,1562,2324,0,0,-0.097198,0.732727,2.145844,-0.19222,-0.0315,0.12445999999999999
2017-05-20T18:19:56-03:00,0.304871,0.127441,0.9287110000000001,18.755512,-18.015825,7.813555,214946.484375,26,2247,3060,2288,2590,14,1,8.441315,31.469879,-1.181335,-0.18018,-0.03234,0.11914000000000001
2017-05-20T18:19:56-03:00,0.308899,-0.004456,1.369019,18.791088000000002,-12.714960000000001,-0.186472,214945.46875,18,311,3031,2503,713,5,0,1.375732,157.326965,-26.647339000000002,-0.2184,-0.03934,0.09506
2017-05-20T18:19:56-03:00,1.999756,0.224609,0.476746,20.886843,-75.236214,25.226553,214945.46875,63,35,844,1,1,2450,1,14.161072,244.96261600000003,-1.77948,-0.23744,-0.0518,-0.01316
2017-05-20T18:19:56-03:00,0.508301,0.07836900000000001,1.310425,17.016594,-21.166317000000003,3.4224620000000003,214945.46875,63,42,1023,0,1,2282,1,-23.993073000000003,-167.73468,18.407898,-0.24164000000000002,-0.03584,-0.00644
2017-05-20T18:19:56-03:00,1.020935,0.36969,0.998352,19.65415,-43.800514,20.319599,214945.46875,29,101,1238,1,1,1653,0,-41.391602,-245.0,-18.101349,-0.17024,-0.033319999999999995,0.08246
2017-05-20T18:19:56-03:00,1.524902,0.19989,0.9464110000000001,21.631664,-57.611855000000006,11.926084,214945.875,29,82,1396,1,1,1077,0,39.148559999999996,-164.88601699999998,85.616913,-0.1232,-0.028560000000000002,0.13216
2017-05-20T18:19:56-03:00,1.478333,0.12616,-1.2768549999999999,22.278064999999998,-49.044666,174.357208,214945.875,150,424,986,1,1,3330,0,-32.397003000000005,219.36202999999998,-9.944153,-0.14532,-0.03542,0.12852
2017-05-20T18:19:56-03:00,1.3416139999999999,-0.017761000000000002,0.6152340000000001,11.518359,-65.355812,-1.653615,214945.875,39,1866,1656,1,683,3926,1,-13.01712,57.863006999999996,78.162537,-0.15274000000000001,-0.00784,0.12684
2017-05-20T18:19:56-03:00,0.16125499999999998,0.24450700000000003,0.964355,16.227497,-9.206802,14.227210999999999,214945.875,30,2370,2434,1,2098,0,1,-6.788939999999999,15.574188000000001,-4.4487,-0.1491,-0.02002,0.12418
2017-05-20T18:19:57-03:00,0.320679,0.131287,0.921326,19.254641,-19.012999,8.109908,214946.28125,33,2497,2528,768,2432,1,0,-4.3141169999999995,3.058014,-2.983246,-0.18494000000000002,-0.03486,0.11788
2017-05-20T18:19:57-03:00,0.286621,0.140991,0.906128,21.781088,-17.356804,8.844159,214946.28125,38,2590,2670,1123,2678,1,2,-5.016937,3.768311,-0.800018,-0.13608,-0.03192,0.12572
2017-05-20T18:19:57-03:00,0.30480999999999997,0.146423,0.8899540000000001,11.526735,-18.673033,9.343122,214946.28125,28,2615,2866,1894,2804,1,1,-7.775879,13.518066000000001,-2.1832279999999997,-0.20398,-0.0105,0.11606
2017-05-20T18:19:57-03:00,0.152771,0.175476,0.9052120000000001,18.59477,-9.407521000000001,10.970758,214946.28125,21,2113,3012,2530,2813,1696,1,18.714447,47.238464,-5.7646180000000005,-0.20215999999999998,-0.0357,0.10724000000000002
2017-05-20T18:19:57-03:00,0.335571,-0.311462,1.131958,20.712989999999998,-15.951495000000001,-15.384435999999999,214945.46875,64,62,1113,1,1,1676,0,-13.660126000000002,-106.686554,88.03939799999999,-0.2149,-0.0462,-0.036539999999999996
2017-05-20T18:19:57-03:00,0.6270140000000001,-0.098816,0.9306639999999999,16.977468,-33.820572,-6.060835,214945.46875,31,80,1344,1,1,1327,0,-49.967499,-238.532562,-37.219543,-0.22666,-0.033460000000000004,0.04816
2017-05-20T18:19:58-03:00,1.775696,0.070374,1.335754,17.217672,-53.009795999999994,3.0158099999999997,214946.28125,113,100,1249,1,1,756,1,-26.452941999999997,-212.131958,50.558167,-0.1834,-0.027860000000000003,0.12432
2017-05-20T18:19:58-03:00,1.144775,-0.537903,-1.6450200000000001,15.411257,-33.482262,-161.892853,214946.28125,113,472,944,1,1,3209,1,-18.632202,205.485077,-31.701659999999997,-0.16477999999999998,-0.01974,0.12292
2017-05-20T18:19:58-03:00,1.003235,-0.721069,0.5542600000000001,17.206791,-47.806346999999995,-52.45180500000001,214946.28125,45,1412,807,1,1,3923,1,-48.23288,119.10553,-14.243317000000001,-0.19194,-0.02912,0.10835999999999998
2017-05-20T18:19:58-03:00,0.056152,0.160461,0.999817,8.848677,-3.173973,9.117695,214945.265625,18,933,3132,2556,1656,1506,1,36.5242,141.520996,-28.127746999999996,-0.23884,-0.00112,0.09758
2017-05-20T18:19:58-03:00,1.308899,-0.080444,0.938782,13.67349,-54.251453000000005,-4.897719,214945.46875,22,0,2230,1175,1,861,1,-38.101807,244.96261600000003,-81.60186800000001,-0.22931999999999997,-0.02044,0.0161
2017-05-20T18:19:59-03:00,-0.014465,-0.039062,0.401733,13.496226,2.0525029999999997,-5.553689,214945.46875,99,12,1277,0,1,2222,1,-7.050628999999999,-24.015503,-18.138733,-0.25228,-0.0217,-0.0224
2017-05-20T18:19:59-03:00,0.49578900000000004,-0.10736099999999998,0.45202600000000004,14.673905,-46.859959,-13.360767000000001,214945.46875,49,74,1519,1,1,1618,1,-60.868683,-222.023773,-36.50177,-0.23604,-0.0252,0.042
2017-05-20T18:19:59-03:00,0.984619,0.330872,0.965515,8.34595,-43.971039000000005,18.916033,214945.46875,39,88,1502,0,1,1300,0,-20.13504,-191.398773,26.452941999999997,-0.17135999999999998,0.0007,0.08946
2017-05-20T18:19:59-03:00,0.299377,1.0441280000000002,1.513184,1.555031,-9.248953,34.606487,214946.28125,47,1965,2044,1,1520,3918,0,-30.355835,-43.903809,47.687073,-0.15792,0.019459999999999998,0.0938
2017-05-20T18:19:59-03:00,0.27594,0.10992400000000001,0.938416,6.962152000000001,-16.280545999999998,6.681078,214946.28125,41,2296,2618,341,2114,0,0,17.391052,11.417084,-5.7646180000000005,-0.1834,0.00518,0.0854
2017-05-20T18:19:59-03:00,0.278381,0.104126,0.9039309999999999,3.6331879999999996,-17.0112,6.571078,214946.484375,34,2375,2798,1543,2376,1,0,1.05423,-1.831818,-0.8374020000000001,-0.18116,0.01568,0.08148
2017-05-20T18:20:00-03:00,0.339294,0.127686,0.875366,5.991823999999999,-20.98402,8.298938,214946.484375,32,2413,2903,1829,2545,1,1,-1.637421,1.540222,-0.201874,-0.15175999999999998,0.00686,0.0847
2017-05-20T18:20:00-03:00,0.251343,0.196899,0.928406,5.828773,-14.833371,11.974056,214946.484375,26,2373,3044,2283,2645,14,0,-2.803802,17.263947,1.607513,-0.18354,0.00882,0.0805
2017-05-20T18:20:07-03:00,0.6938479999999999,0.064819,0.99292,20.132269,-34.888484999999996,3.7350559999999997,214945.46875,37,50,1199,0,1,1754,1,-66.551056,-243.257904,-11.75354,-0.2226,-0.0455,0.0686
2017-05-20T18:20:07-03:00,1.9041139999999999,0.132446,1.2802120000000001,15.904055,-55.944106999999995,5.906607,214946.28125,37,94,1038,1,1,1115,1,66.850128,-208.550568,58.06488,-0.14378,-0.01848,0.1183
2017-05-20T18:20:08-03:00,1.5963129999999999,-0.874878,-1.356201,28.189221999999997,-44.686012,-147.174164,214946.28125,162,310,914,0,1,1500,1,-21.443481,68.921204,-37.713013000000004,-0.11395999999999999,-0.0406,0.1057
2017-05-20T18:20:08-03:00,1.999756,-0.468384,0.801575,24.244408,-65.096863,-30.299006,214946.28125,71,1308,1,1,1,3945,1,24.621124,109.48288000000001,-50.431061,-0.12082000000000001,-0.03388,0.11298
2017-05-20T18:20:08-03:00,-0.126038,0.628967,1.326904,21.780386,4.905775,25.361469,214946.28125,35,2380,2392,5,2123,1,1,78.5289,-2.818756,12.882538,-0.1337,-0.03136,0.13258
2017-05-20T18:20:08-03:00,0.39056399999999997,0.025939999999999998,0.9340209999999999,20.391953,-22.684544,1.590829,214946.28125,31,2510,2835,1871,2654,1,1,0.456085,5.001983999999999,-5.069275,-0.1687,-0.03528,0.12558
2017-05-20T18:20:08-03:00,0.268372,0.059570000000000005,0.9221799999999999,19.223845999999998,-16.194000000000003,3.696015,214946.28125,29,2554,2916,2120,2769,1,0,-2.093506,6.130980999999999,-2.960815,-0.16016,-0.0301,0.11928
2017-05-20T18:20:08-03:00,0.356995,0.060425,0.9088129999999999,20.32349,-21.402626,3.8038589999999997,214946.28125,25,2477,2998,2431,2843,2800,1,3.102875,12.119904,-0.097198,-0.1421,-0.029539999999999997,0.11438
2017-05-20T18:20:08-03:00,0.380371,0.056824,0.9310299999999999,21.959049,-22.185133,3.492611,214946.28125,16,1667,3088,2729,2622,584,0,21.555634,67.41836500000001,-16.217194,-0.16128,-0.038360000000000005,0.10234
2017-05-20T18:20:09-03:00,-0.111023,0.107544,0.7281489999999999,16.988605,8.577632000000001,8.401555,214946.078125,59,49,1039,1,1,2418,0,-44.038391,-178.733063,53.257293999999995,-0.22161999999999998,-0.032760000000000004,-0.02366
2017-05-20T18:20:09-03:00,0.6129760000000001,0.01178,1.3453979999999999,20.755566,-24.493631,0.5016470000000001,214946.078125,41,3,1373,0,1,1830,0,-75.792389,-244.67849700000002,-10.213318,-0.18298,-0.03948,0.058660000000000004
2017-05-20T18:20:09-03:00,1.523376,-0.113159,1.112244,23.981165,-53.725559,-5.809258,214946.484375,41,41,1467,1,1,1535,0,-18.467712,-175.503082,68.56231700000001,-0.13468,-0.0371,0.12138
2017-05-20T18:20:09-03:00,1.308716,-0.823486,-0.46166999999999997,18.293736,-54.194393000000005,-119.27623700000001,214946.484375,172,248,1151,0,1,2620,0,-23.574371,64.659424,-32.912903,-0.14476,-0.02478,0.12347999999999999
2017-05-20T18:20:09-03:00,0.8619379999999999,-0.71106,0.804138,16.266722,-38.763725,-41.484737,214946.484375,78,1133,1148,1,1,3927,0,60.831299,114.701691,-46.535645,-0.13692000000000001,-0.01848,0.10794000000000001
2017-05-20T18:20:09-03:00,0.11944600000000001,0.19775399999999999,1.021301,16.733437,-6.550123,10.958534,214946.484375,39,2179,2507,1,1521,1,0,21.02478,29.675446,-6.549683,-0.1925,-0.02758,0.10122
2017-05-20T18:20:09-03:00,0.24847399999999997,-0.011840999999999999,0.9600219999999999,17.238522,-14.509881,-0.706645,214946.6875,33,2405,2761,1792,2146,1,1,3.917847,8.747864,-3.8954160000000004,-0.1995,-0.03038,0.0896
2017-05-20T18:20:09-03:00,0.27069099999999996,-0.074524,0.939941,18.004473,-16.018036,-4.533254,214946.6875,32,2475,2910,1985,2506,16,1,-1.629944,6.878661999999999,0.18692,-0.13748,-0.02282,0.0903
2017-05-20T18:20:10-03:00,0.295837,0.072266,0.930725,10.165899000000001,-17.583569,4.4397910000000005,214946.6875,27,2437,3048,2398,2602,10,0,-2.1009830000000003,15.177917,4.665527,-0.21238,-0.00588,0.09183999999999999
2017-05-20T18:20:10-03:00,-0.361694,0.101379,1.999756,37.788589,10.239336999999999,2.902176,214946.6875,100,1,1084,1,1,2300,1,-39.993439,-74.192352,77.549438,-0.14574,-0.08148,-0.05852
2017-05-20T18:20:10-03:00,0.11871300000000001,-0.332886,0.9451290000000001,28.065610999999997,-6.756441000000001,-19.402866,214946.6875,79,39,1166,1,1,2139,0,-72.07641600000001,-152.123108,44.494476,-0.21168,-0.0749,-0.03052
2017-05-20T18:20:10-03:00,0.775269,-0.312988,1.239258,24.611843,-31.238703000000005,-14.174267,214946.6875,54,22,1309,1,1,1924,1,-103.501434,-235.12313799999998,-41.114959999999996,-0.1715,-0.049280000000000004,0.07476000000000001
2017-05-20T18:20:10-03:00,1.3916629999999999,-0.175171,1.391174,25.867161,-44.784733,-7.176678,214946.078125,119,31,1363,1,1,1462,0,-5.435638,-196.991425,53.01055899999999,-0.1435,-0.044660000000000005,0.1253
2017-05-20T18:20:10-03:00,1.4106450000000001,-0.746033,-0.002075,35.335945,-62.127361,-90.159378,214946.078125,119,413,1058,0,0,1495,1,55.283508,7.9403690000000005,-77.407379,-0.11746,-0.05922,0.11325999999999999
2017-05-20T18:20:11-03:00,0.39209,0.8658450000000001,1.318298,128.91554299999999,-13.96055,33.296496999999995,214946.078125,130,1012,1,0,1,3846,0,23.753815,197.223206,13.727417,0.022119999999999997,-0.0378,0.1302
2017-05-20T18:20:11-03:00,0.28015100000000004,0.513,0.9398799999999999,21.995213,-14.661973999999999,28.62636,214946.078125,65,2044,1680,1,619,12,1,-54.476013,36.905518,31.798859000000004,-0.14322000000000001,-0.03416,0.13622
2017-05-20T18:20:11-03:00,0.066589,0.181824,0.94989,27.703153999999998,-3.9387209999999997,10.836225,214946.890625,53,2226,2466,2,1415,2,0,-3.596344,9.936676,0.216827,-0.11144000000000001,-0.03864,0.13342
2017-05-20T18:20:11-03:00,0.23175,0.22894299999999998,0.9528200000000001,23.959507000000002,-13.305688,13.510863,214946.890625,40,2280,2730,1,1700,2,0,-2.1832279999999997,9.316101,-3.872986,-0.11452000000000001,-0.0315,0.13972
2017-05-20T18:20:11-03:00,0.17108199999999998,0.17913800000000002,0.93335,18.1453,-10.204687,10.86468,214946.890625,40,2381,2859,493,2088,1,1,-5.562744,10.445099,0.343933,-0.12628,-0.02128,0.13664
2017-05-20T18:20:11-03:00,0.14599600000000001,0.171326,0.933533,25.268106,-8.744810000000001,10.399428,214946.890625,29,2381,3020,2077,2464,16,1,-0.112152,21.234131,-0.5981449999999999,-0.13216,-0.039619999999999995,0.12866
2017-05-20T18:20:11-03:00,0.141907,0.178162,0.982849,27.710541,-8.085776,10.274471,214946.6875,18,1348,3137,2552,2392,857,0,55.53771999999999,105.03418,-35.836334,-0.14126,-0.049,0.1176
2017-05-20T18:20:11-03:00,0.361572,0.17334000000000002,0.9710690000000001,22.463810000000002,-20.130432,10.120933,214946.6875,13,279,2776,2669,1343,4,0,-8.740387,244.96261600000003,-41.974792,-0.19824,-0.049,0.07406
2017-05-20T18:20:12-03:00,1.127258,-0.5308229999999999,-0.018921,27.286735999999998,-64.770363,-92.04142,214946.6875,79,87,952,1,1,1901,1,182.164917,54.221802000000004,-72.420349,-0.18564,-0.06286,-0.02828
2017-05-20T18:20:12-03:00,0.8236690000000001,-0.32006799999999996,1.6906130000000001,24.43874,-25.580362,-10.720409,214948.75,121,1041,22,1,1,3923,0,-22.609863,-63.597717,12.47879,-0.13454000000000002,-0.03822,0.11955999999999999
2017-05-20T18:20:12-03:00,0.39093,0.592896,1.253296,24.461426,-15.746462,25.317383,214948.75,56,2021,1856,0,598,3948,0,-17.376099,-13.53302,58.812560999999995,-0.1491,-0.04242,0.11914000000000001
2017-05-20T18:20:12-03:00,0.614441,0.041992,1.0040280000000001,17.629065,-31.443333000000003,2.394926,214948.75,36,2369,2648,329,2028,3897,1,13.951721,29.824982000000002,2.871094,-0.16702,-0.0266,0.1162
2017-05-20T18:20:13-03:00,0.251526,0.088501,0.911926,21.962746,-15.351129,5.543105000000001,214948.75,31,2458,2864,1809,2559,3750,0,7.073059,-0.089722,-3.162689,-0.18536,-0.0441,0.10948
2017-05-20T18:20:13-03:00,0.308228,0.055603,0.9055790000000001,22.427771,-18.763935,3.513582,214947.515625,30,2443,2959,2078,2676,10,0,0.231781,8.037567,-2.190704,-0.17038,-0.042,0.10178
2017-05-20T18:20:13-03:00,0.27063000000000004,0.079712,0.9007569999999999,13.33583,-16.661266,5.057180000000001,214947.515625,25,2161,3049,2345,2698,2408,1,2.115936,21.436004999999998,4.396362,-0.16996,-0.01414,0.1008
2017-05-20T18:20:13-03:00,0.358521,0.025574,0.9468989999999999,17.632973,-20.731039000000003,1.547061,214947.515625,13,1185,3110,2594,2031,352,1,11.783447,95.14984100000001,11.088104,-0.18452000000000002,-0.0294,0.0826
2017-05-20T18:20:13-03:00,0.06951900000000001,0.382385,1.10968,19.559137,-3.3896620000000004,19.013466,214947.515625,17,204,2458,2292,781,1,0,143.973389,244.96261600000003,-29.824982000000002,-0.22876,-0.04438,0.00812
2017-05-20T18:20:13-03:00,-0.9142459999999999,-0.071411,0.8894040000000001,22.981464000000003,45.69706,-4.590486,214948.125,93,1,1474,1,1,2317,1,-95.134888,-20.366820999999998,-66.483765,-0.21154,-0.05432000000000001,-0.07644
2017-05-20T18:20:13-03:00,0.45654300000000003,-0.21337899999999999,0.517212,14.410034,-39.213959,-22.418892,214948.125,44,8,1241,0,1,2404,1,-66.513672,-224.775238,-26.452941999999997,-0.21938000000000002,-0.0224,-0.01624
2017-05-20T18:20:13-03:00,1.0081790000000002,-0.10241700000000001,1.1689450000000001,24.969542,-40.668427,-5.007176,214948.125,63,3,1465,1,1,1664,0,-101.041565,-237.52319300000002,-64.405212,-0.1309,-0.0385,0.09408
2017-05-20T18:20:13-03:00,0.775085,-0.061401,1.0620120000000002,22.499247,-36.077488,-3.308934,214948.125,63,92,1494,0,1,1296,0,-9.375916,-186.531372,64.285583,-0.11298,-0.027999999999999997,0.13832
2017-05-20T18:20:14-03:00,0.5509029999999999,-0.41485600000000006,0.175781,40.252476,-50.721740999999994,-67.036835,214947.3125,255,168,1610,1,1,1613,0,11.155396000000001,-2.714081,1.517792,-0.0826,-0.050960000000000005,0.1225
2017-05-20T18:20:14-03:00,-1.188232,0.558044,0.11370799999999999,43.604324,64.39193,78.482941,214947.3125,255,726,230,0,1,3844,0,-47.657166,147.779083,85.407562,-0.0833,-0.058379999999999994,0.126
2017-05-20T18:20:14-03:00,0.34436,0.063171,0.8909299999999999,11.736497,-21.084135,4.055768,214947.109375,32,2529,2867,2104,2753,11,0,10.220794999999999,5.2412410000000005,-9.121704,-0.1904,-0.0105,0.11984000000000002
2017-05-20T18:20:14-03:00,0.296265,0.065613,0.90271,20.114620000000002,-18.124887,4.15719,214947.109375,29,2559,2915,2296,2862,2821,0,7.992706,11.925507000000001,-6.175841999999999,-0.15778,-0.0322,0.1155
2017-05-20T18:20:14-03:00,0.22888200000000003,0.042053,0.933533,20.321682,-13.762504999999999,2.579282,214947.109375,20,2111,3010,2583,2880,221,0,17.899475,46.378632,-2.826233,-0.19264,-0.04004,0.1057
2017-05-20T18:20:14-03:00,0.275818,0.073059,1.070496,22.324265,-14.416127,3.904263,214947.109375,19,1076,2974,2765,2179,3,2,-20.688323999999998,137.064819,-8.149719000000001,-0.16827999999999999,-0.04116,0.09646
2017-05-20T18:20:15-03:00,1.999756,0.623352,1.0073239999999999,26.281315000000003,-59.358734,31.750038,214946.484375,94,42,1100,1340,396,1490,1,117.542877,244.96261600000003,-115.65124499999999,-0.17457999999999999,-0.055720000000000006,0.00336
2017-05-20T18:20:15-03:00,0.238525,0.20697,0.250244,22.914232000000002,-36.297371000000005,39.593239000000004,214946.484375,95,107,1050,1,1,2236,0,-72.360535,-49.653473,90.088043,-0.20874,-0.05334,-0.026739999999999996
2017-05-20T18:20:15-03:00,0.729492,-0.104492,0.72345,19.136574,-44.942532,-8.218736,214946.484375,44,131,1309,1,1,1974,0,-56.300354000000006,-223.773346,14.594726999999999,-0.20734,-0.03864,0.049
2017-05-20T18:20:15-03:00,0.980225,0.067322,1.194641,20.994291,-39.324963000000004,3.225386,214946.484375,91,121,1566,1,1,1519,1,-33.324127000000004,-199.174652,-13.876953,-0.17808,-0.0392,0.12068
2017-05-20T18:20:15-03:00,1.021301,-0.106201,0.756897,29.341475,-53.189918999999996,-7.987100999999999,214947.109375,91,281,1601,1,1,1316,0,0.49346899999999994,-138.16391000000002,22.385559,-0.08974,-0.03402,0.13608
2017-05-20T18:20:15-03:00,0.919434,0.159424,0.32311999999999996,36.620155,-68.600708,26.261213,214947.109375,255,381,1398,1,1,1534,0,-27.806244,20.441589,-46.558075,-0.0644,-0.0343,0.14518
2017-05-20T18:20:15-03:00,1.060425,-0.141785,0.461304,43.855419,-65.529625,-17.085148,214947.109375,255,779,163,1,1,3907,0,79.299011,53.945159999999994,4.874878,-0.08707999999999999,-0.0616,0.13468
2017-05-20T18:20:15-03:00,0.273376,0.646545,1.141724,15.489542000000002,-11.769397,29.522396,214947.109375,74,2042,1377,1,850,3946,0,-67.934265,15.058289000000002,29.824982000000002,-0.1421,-0.01722,0.13174
2017-05-20T18:20:15-03:00,0.107971,0.083069,0.9728389999999999,22.065462,-6.310313,4.880536,214946.28125,52,2240,2327,1,1994,15,1,-11.536713,23.634186,11.118011,-0.1477,-0.03542,0.13132
2017-05-20T18:20:17-03:00,0.184265,-0.028564,0.945679,32.918579,-11.021006,-1.730107,214946.890625,38,2638,2836,1891,2862,11,0,-0.5233760000000001,9.136658,-1.570129,-0.12628,-0.057120000000000004,0.11900000000000001
2017-05-20T18:20:17-03:00,0.20672600000000002,0.056090999999999995,0.9476319999999999,27.971239,-12.285439,3.3874440000000003,214946.890625,25,2346,3016,2456,2887,2146,1,2.960815,29.810028000000003,8.613281,-0.13762,-0.04844,0.1169
2017-05-20T18:20:17-03:00,0.381348,0.087585,1.003235,26.753702,-20.740557,4.989445,214947.3125,14,1139,3048,2681,2053,4,0,26.467896000000003,119.94293200000001,-2.243042,-0.17528,-0.05754,0.10612
2017-05-20T18:20:17-03:00,1.26886,0.31066900000000003,1.103271,25.062159,-47.908089000000004,15.726628,214947.3125,47,122,1520,1694,400,3,0,137.33398400000002,244.96261600000003,-60.494843,-0.19684000000000001,-0.05824,0.021840000000000002
2017-05-20T18:20:18-03:00,-0.356323,0.235657,0.59314,21.666969,29.174248,21.668121,214947.3125,96,3,1201,0,1,2011,1,-43.933716,-5.869293,90.96283000000001,-0.2156,-0.05012,-0.03052
2017-05-20T18:20:18-03:00,0.47540299999999996,-0.350403,0.761353,21.748734,-29.563093,-24.713652,214947.3125,42,35,1350,1,1,1814,1,-108.937073,-218.419952,-12.448883,-0.21181999999999998,-0.04956,0.039619999999999995
2017-05-20T18:20:18-03:00,1.143433,0.267151,1.349426,10.799178,-39.733852,11.198255,214947.3125,74,72,1438,1,0,1559,0,-48.225403,-238.26339700000003,41.563568,-0.13005999999999998,-0.00504,0.1232
2017-05-20T18:20:18-03:00,1.071289,-0.41705299999999995,0.047363,20.558039,-68.604614,-83.520882,214947.3125,74,148,1554,1,1,1300,0,27.163239,53.907776,10.355377,-0.12208,-0.0259,0.14952000000000001
2017-05-20T18:20:18-03:00,-1.999756,1.999756,1.999756,17.086296,35.264389,45.0,214947.3125,255,464,484,0,1,3709,1,-68.195953,140.511627,83.815002,-0.12824000000000002,-0.019180000000000003,0.14728
2017-05-20T18:20:18-03:00,0.370239,1.6815189999999998,1.999756,18.681341,-8.065351,40.059204,214947.3125,41,2128,1679,1,1456,11,0,20.643463,65.706177,50.01236,-0.1666,-0.02968,0.14154
2017-05-20T18:20:18-03:00,0.344543,0.19354200000000002,1.03302,16.70356,-18.150499,10.611684,214947.3125,29,2412,2427,889,2360,3916,1,-3.8505550000000004,-4.4711300000000005,-0.314026,-0.17164000000000001,-0.0245,0.12152
2017-05-20T18:20:19-03:00,0.265198,0.10437,0.920166,13.461936999999999,-15.980134,6.471134999999999,214947.3125,21,2401,2941,2374,2789,13,1,-1.009369,22.049103,-0.35141,-0.14587999999999998,-0.012459999999999999,0.12347999999999999
2017-05-20T18:20:19-03:00,0.38799999999999996,0.129211,1.003784,13.976638000000001,-20.975554000000002,7.335024000000001,214946.6875,13,944,3034,2667,2030,311,1,21.660308999999998,108.017426,-13.316193,-0.22526,-0.02128,0.09954
2017-05-20T18:20:19-03:00,0.299561,0.690735,0.524109,14.515170999999999,-19.059379999999997,52.809864000000005,214946.6875,25,2,2001,1544,1,3,0,125.76736499999998,244.96261600000003,-88.772125,-0.19796,-0.02058,0.0196
2017-05-20T18:20:19-03:00,-0.059142999999999994,0.073853,0.359985,20.897797,9.14284,11.593608999999999,214946.6875,117,18,1195,0,1,1790,1,-30.632477,-31.67923,23.222960999999998,-0.2135,-0.04662,-0.043539999999999995
2017-05-20T18:20:19-03:00,0.48913599999999996,-0.427124,0.6914060000000001,12.682797,-31.042339000000002,-31.706169,214946.6875,51,14,1336,1,1,1725,1,-119.464417,-223.249969,2.83371,-0.19908,-0.014280000000000001,0.0259
2017-05-20T18:20:19-03:00,0.781616,0.377075,0.591492,22.24231,-48.093613,32.51746,214947.71875,25,149,1458,1,1,1756,1,-78.327026,-205.94116200000002,11.417084,-0.1365,-0.03318,0.1288
2017-05-20T18:20:19-03:00,1.024414,0.067505,0.44006300000000004,19.796638,-66.51020799999999,8.72108,214947.71875,82,189,927,1,1,2383,1,35.77652,-31.447449,102.993011,-0.11578,-0.022959999999999998,0.13734000000000002
2017-05-20T18:20:20-03:00,1.397766,0.637451,-0.721497,18.659473000000002,-55.441601,138.539001,214947.71875,56,923,7,0,1,3714,1,-21.89209,91.366577,-0.86731,-0.15358,-0.0273,0.12852
2017-05-20T18:20:20-03:00,-0.24908400000000003,0.415771,1.4509889999999999,18.079782,9.370731,15.989314000000002,214947.71875,32,2121,2418,1,1802,3934,1,37.212067,-29.71283,0.6654359999999999,-0.13888,-0.02324,0.14126
2017-05-20T18:20:20-03:00,0.19342,0.15704300000000002,0.9149780000000001,13.035603,-11.769035,9.739141,214946.28125,25,2391,2911,1999,2553,3798,0,-5.510406,2.699127,-2.654266,-0.15092,-0.01176,0.13985999999999998
2017-05-20T18:20:20-03:00,0.18798800000000002,0.253479,0.914307,15.758146,-11.207101,15.495304999999998,214946.28125,22,2281,3055,2424,2685,3054,1,8.19458,19.327545,-6.175841999999999,-0.13005999999999998,-0.016380000000000002,0.12936
2017-05-20T18:20:20-03:00,0.316589,0.069275,1.0198969999999998,19.368378,-17.207720000000002,3.8857559999999998,214946.6875,16,824,3071,2646,1760,5,0,6.6020199999999996,138.978882,-22.407989999999998,-0.18074,-0.03444,0.10808
2017-05-20T18:20:20-03:00,1.118652,-0.49957299999999993,1.1902469999999998,20.719839,-40.912537,-22.768867,214946.6875,34,0,1644,807,1,195,1,-26.071625,244.96261600000003,-111.94274899999999,-0.21868,-0.04704,0.03808
2017-05-20T18:20:21-03:00,0.384644,-0.120422,0.508606,15.601489,-36.350231,-13.320591,214946.6875,34,17,1166,1,1,1791,0,-0.740204,-57.937775,6.74408,-0.21938000000000002,-0.02702,-0.0042
2017-05-20T18:20:21-03:00,0.544678,-0.055969000000000005,0.563232,21.185215,-43.899868,-5.674936,214946.6875,46,41,1549,1,1,1584,0,-68.300629,-226.076202,-4.7253419999999995,-0.1778,-0.039760000000000004,0.07098
2017-05-20T18:20:21-03:00,1.2104489999999999,0.24597199999999997,1.336243,19.195908,-41.697601,10.430081,214947.71875,58,58,1639,0,1,1082,1,-2.093506,-226.38275099999998,53.190002,-0.12922,-0.02422,0.12264000000000001
2017-05-20T18:20:21-03:00,1.278259,-0.302124,0.5795899999999999,54.419674,-62.918133,-27.531775,214947.71875,58,188,1727,1,1,766,1,40.427094,-114.99328600000001,-0.022430000000000002,-0.06118,-0.063,0.11788
2017-05-20T18:20:21-03:00,-0.361633,0.23913600000000002,1.999756,55.155239,10.179521000000001,6.819189,214947.71875,255,801,800,0,1,3639,0,-89.138489,-150.366058,76.39053299999999,-0.05446,-0.05754,0.10388
2017-05-20T18:20:21-03:00,0.666504,-0.010193,1.861084,44.44508,-19.703529,-0.313797,214947.71875,67,1865,910,0,650,3948,0,-61.205139,31.761475,-6.385193,-0.0854,-0.061739999999999996,0.11675999999999999
2017-05-20T18:20:21-03:00,0.321411,0.186646,1.023132,42.533221999999995,-17.173448999999998,10.338531,214946.28125,45,2163,2102,1,1793,8,0,-5.15152,12.12738,-5.659943,-0.07714,-0.05194,0.12712
2017-05-20T18:20:21-03:00,0.394714,0.081482,0.945557,34.966190000000005,-22.582422,4.925211,214946.28125,38,2369,2446,2,2305,8,1,11.282501,17.944336,-7.147827,-0.1078,-0.05347999999999999,0.11312
2017-05-20T18:20:21-03:00,0.262024,0.054199000000000004,0.8995360000000001,41.498978,-16.212345000000003,3.44804,214946.28125,34,2451,2626,1396,2552,9,0,-3.506622,4.09729,-0.6654359999999999,-0.07266,-0.04704,0.11325999999999999
2017-05-20T18:20:22-03:00,0.246948,0.150024,0.903076,35.864208000000005,-15.096506,9.432178,214946.28125,28,2498,2862,2151,2740,16,1,-13.174133,21.764984,5.286102,-0.1197,-0.061739999999999996,0.11508
2017-05-20T18:20:22-03:00,-0.488403,1.203735,1.999756,46.78009,11.818471,31.045467,214947.109375,15,6,1129,1,1,1923,0,24.733276,50.371246,49.219818,-0.11564,-0.091,-0.00434
2017-05-20T18:20:22-03:00,0.323975,-0.427795,1.138428,46.710011,-14.916782999999999,-20.595085,214947.109375,70,53,1132,1,1,2021,1,-64.255676,-168.235626,40.546721999999995,-0.14322000000000001,-0.11242,-0.01974
2017-05-20T18:20:22-03:00,0.8401489999999999,0.461304,1.204956,15.527899,-33.070442,20.948776000000002,214947.3125,31,131,1323,1,1,1625,1,-41.698151,-243.62426800000003,17.600403,-0.22862,-0.027860000000000003,0.04732
2017-05-20T18:20:22-03:00,1.999756,-0.283936,0.691772,358.667786,-69.49754300000001,-22.315523000000002,214947.3125,168,136,1105,0,1,1346,1,5.600128,-116.34658799999998,6.474915,-0.1386,0.02422,0.06286
2017-05-20T18:20:22-03:00,0.540039,0.33905,-0.046448,3.007802,-57.638000000000005,97.800606,214947.3125,168,367,270,0,1,3355,1,-8.777771000000001,-114.61196899999999,104.024811,-0.18942,0.01848,0.06552000000000001
2017-05-20T18:20:22-03:00,0.702515,0.44458000000000003,0.850159,358.674774,-36.213623,27.606768,214947.3125,56,1914,1018,1,958,3950,1,-98.11065699999999,-52.726440000000004,77.09335300000001,-0.24051999999999998,0.042,0.04494
2017-05-20T18:20:23-03:00,0.45599399999999995,0.167969,0.929932,353.061646,-25.759325,10.238647,214948.125,41,2262,2338,1,2072,3939,0,28.621215999999997,27.753906,-15.432129000000002,-0.2163,0.06006,0.046060000000000004
2017-05-20T18:20:23-03:00,0.255798,0.16503900000000002,0.913269,351.507446,-15.409617,10.243507000000001,214948.125,37,2339,2688,1071,2358,3901,1,5.68985,5.188904,-3.9701839999999997,-0.1869,0.0574,0.0441
2017-05-20T18:20:23-03:00,0.300232,0.14569100000000001,0.881409,356.699066,-18.575815,9.385742,214948.125,28,2421,2900,1960,2575,3831,0,-4.852448000000001,8.112335,0.635529,-0.26152,0.055020000000000006,0.03878
2017-05-20T18:20:23-03:00,0.297852,0.146606,0.936401,357.063721,-17.445477,8.898202000000001,214948.125,20,2220,3060,2512,2700,3239,1,4.957123,28.666077,-0.91217,-0.23156,0.04718,0.04732
2017-05-20T18:20:23-03:00,0.200562,0.095093,1.065491,355.495087,-10.619032,5.100014,214948.125,18,765,3105,2699,1800,6,1,29.623108000000002,135.046082,-25.937042,-0.25298000000000004,0.0588,0.01162
2017-05-20T18:20:23-03:00,0.49578900000000004,-0.347351,0.45752,359.921112,-40.797062,-37.205948,214948.125,35,29,1322,1,1,1664,1,-82.050476,-241.889648,-35.582122999999996,-0.24178000000000002,0.03682,0.0084
2017-05-20T18:20:24-03:00,0.9118040000000001,0.353394,1.045532,353.163391,-39.562763000000004,18.675432,214947.515625,54,63,1418,0,1,1388,0,-1.929016,-199.795227,41.571045,-0.1848,0.050960000000000005,0.13132
2017-05-20T18:20:24-03:00,1.343567,-0.23217800000000002,0.395447,350.96106000000003,-71.1549,-30.418373,214947.515625,54,339,1400,0,1,1069,0,44.958038,-92.518005,7.409515,-0.1274,0.04046,0.14307999999999998
2017-05-20T18:20:24-03:00,-0.222534,0.45239300000000005,1.79541,3.9025819999999998,6.853475,14.142520000000001,214947.515625,122,542,3,1,1,3795,1,-61.691131999999996,-99.583588,67.844543,-0.1386,0.011340000000000001,0.14406
2017-05-20T18:20:24-03:00,0.022034,1.3125,1.917847,356.883057,-0.543211,34.38623,214947.515625,46,1903,1742,1,1322,3946,1,-25.944519,9.660034,67.717438,-0.17514000000000002,0.03626,0.14252
2017-05-20T18:20:24-03:00,0.24084499999999998,0.145813,0.922607,3.50651,-14.458634,8.980996000000001,214947.515625,33,2172,2279,1,1854,8,1,28.404388,13.428345000000002,-8.979645,-0.17346,0.0154,0.1421
2017-05-20T18:20:24-03:00,0.20239300000000002,0.078247,0.939392,357.775604,-12.117836,4.7614849999999995,214947.515625,40,2337,2505,818,2326,8,1,6.116028,-1.218719,-4.658051,-0.16505999999999998,0.0315,0.13314
2017-05-20T18:20:24-03:00,0.152954,0.033507999999999996,0.936157,357.85116600000003,-9.27345,2.0499389999999997,214947.515625,31,2443,2728,1603,2585,9,1,-6.751556,3.596344,0.314026,-0.1596,0.030239999999999996,0.13985999999999998
2017-05-20T18:20:24-03:00,0.27941900000000003,0.17028800000000002,0.948059,349.411316,-16.176655,10.182749000000001,214947.515625,24,2400,3000,2359,2735,11,1,4.209442,24.351959,0.059814,-0.12082000000000001,0.042,0.1379
2017-05-20T18:20:24-03:00,0.368958,0.125366,1.000793,4.524595,-20.092829000000002,7.140067999999999,214947.921875,15,1242,3109,2683,2281,216,1,25.12207,108.518372,-26.1763,-0.16982,0.01204,0.11997999999999999
2017-05-20T18:20:25-03:00,0.556824,0.454834,0.970764,7.957955999999999,-27.447753999999996,25.104589,214947.921875,22,247,2411,2488,644,3,0,64.614563,244.96261600000003,-60.898590000000006,-0.245,0.00266,0.07476000000000001
2017-05-20T18:20:25-03:00,0.202942,-0.204468,0.5690310000000001,15.299752999999999,-18.553535,-19.764704000000002,214947.921875,101,2,1106,1,1,1819,0,-13.891907000000002,-6.848755000000001,77.190552,-0.18774000000000002,-0.022119999999999997,-0.016380000000000002
2017-05-20T18:20:25-03:00,0.354248,-0.4021,1.126892,10.636827,-16.492685,-19.637506,214947.921875,64,28,1234,1,1,1834,1,-43.440247,-191.316528,23.522033999999998,-0.17542,-0.0063,0.00392
2017-05-20T18:20:25-03:00,0.898193,-0.042542,1.260864,14.045136999999999,-35.449272,-1.9324240000000001,214947.3125,28,2,1456,0,1,1559,0,-80.203705,-232.065125,-42.677611999999996,-0.21364,-0.02044,0.09422
2017-05-20T18:20:25-03:00,1.740967,-0.024291999999999998,1.1465450000000001,14.121204999999998,-56.626465,-1.213751,214947.3125,28,5,1453,1,1,1141,0,45.092621,-215.66101099999997,68.442688,-0.11256,-0.010920000000000001,0.13216
2017-05-20T18:20:25-03:00,1.999756,0.323364,-0.49279799999999996,23.299001999999998,-73.57737,146.727905,214947.3125,255,489,475,1,1,3527,2,-35.881195,147.195892,57.975159,-0.09646,-0.02534,0.12894
2017-05-20T18:20:25-03:00,0.548523,-0.192261,0.486084,13.266789000000001,-46.379517,-21.580278,214947.3125,63,1301,800,0,1,3918,1,-29.443665000000003,16.822815,26.116486,-0.14686,-0.01204,0.1288
2017-05-20T18:20:25-03:00,0.042419,0.22113000000000002,1.075684,17.026993,-2.212071,11.616571,214948.53125,46,1997,2043,1,1392,9,0,-3.8356019999999997,8.448792,-0.007476999999999999,-0.14518,-0.02156,0.12725999999999998
2017-05-20T18:20:26-03:00,0.20965599999999998,0.208313,0.9347530000000001,8.881554,-12.348360000000001,12.563266,214948.53125,35,2164,2430,1,1627,9,1,0.18692,12.80777,-8.486175999999999,-0.1596,-0.00084,0.1372
2017-05-20T18:20:26-03:00,0.319702,0.146973,0.941406,15.698344,-18.548464000000003,8.873407,214948.53125,37,2308,2696,855,2162,10,2,7.252502000000001,6.7590330000000005,-4.396362,-0.14798,-0.01848,0.126
2017-05-20T18:20:26-03:00,0.22314499999999998,0.10766600000000001,0.9398190000000001,10.570653,-13.272897,6.5353330000000005,214948.53125,26,2441,2894,1902,2525,12,1,-6.116028,11.910553,2.071075,-0.19334,-0.00672,0.1281
2017-05-20T18:20:26-03:00,1.25,-0.098755,1.104065,17.672255,-48.434086,-5.111312,214947.71875,56,232,1124,1,1,1401,1,-0.456085,-206.546783,16.36673,-0.15834,-0.02534,0.13244
2017-05-20T18:20:27-03:00,1.189087,-0.8417969999999999,-0.6315310000000001,15.689585000000001,-48.490790999999994,-126.87786899999999,214947.71875,162,431,1313,1,1,1130,1,29.03244,142.941589,10.445099,-0.06398,-0.00798,0.1323
2017-05-20T18:20:27-03:00,1.081604,-1.0338129999999999,0.315979,21.0728,-45.015366,-73.00453900000001,214947.71875,105,1091,9,1,1,3899,0,80.861664,244.96261600000003,-65.900574,-0.14154,-0.03136,0.12012
2017-05-20T18:20:27-03:00,0.555664,0.377319,0.875549,19.551159,-30.23485,23.313702,214948.125,45,2203,1791,1,1353,3951,1,-21.794891,15.319977,34.169006,-0.14587999999999998,-0.02828,0.13076
2017-05-20T18:20:27-03:00,0.554688,-0.20874,0.954224,16.431273,-29.590889,-12.339306,214948.125,38,2467,2568,362,2180,13,0,25.346375,2.160797,-0.149536,-0.133,-0.018340000000000002,0.11662
2017-05-20T18:20:27-03:00,0.379211,0.083618,0.943542,14.910007,-21.817846,5.064408,214948.125,29,2547,2805,1437,2548,11,1,-5.562744,12.441406,-1.345825,-0.1729,-0.019180000000000003,0.11774000000000001
2017-05-20T18:20:27-03:00,0.296692,0.045471,0.9089969999999999,17.330332000000002,-18.055313,2.8637479999999997,214948.125,31,2580,2920,2026,2677,9,0,1.2710569999999999,7.992706,-0.6654359999999999,-0.14462,-0.02226,0.11522
2017-05-20T18:20:27-03:00,0.212952,0.091431,0.916687,17.267675,-13.015806,5.695862,214948.125,19,2164,3060,2471,2681,1554,1,10.781555,32.748413,-0.897217,-0.16492,-0.0252,0.11256
2017-05-20T18:20:28-03:00,0.223633,-0.181824,0.648438,13.285575,-18.369873000000002,-15.663649,214948.125,104,20,1033,1,1,1854,1,-22.864075,-34.69986,60.13595600000001,-0.2058,-0.01694,-0.0448
2017-05-20T18:20:28-03:00,0.622681,-0.129944,0.632263,11.604557000000002,-43.970112,-11.613812,214947.921875,42,101,1131,1,1,1719,0,-62.035065,-213.731995,3.37204,-0.21461999999999998,-0.011340000000000001,0.03178
2017-05-20T18:20:28-03:00,0.957092,0.17804,1.2554319999999999,20.821832999999998,-37.045811,8.071597,214947.921875,62,124,1373,0,1,1227,0,-20.778046,-220.99197400000003,-2.086029,-0.14518,-0.0315,0.11045999999999999
2017-05-20T18:20:28-03:00,1.289978,-0.355713,0.567078,25.014587,-62.573814,-32.098969,214947.921875,62,261,1414,1,0,741,0,36.33728,-79.06723000000001,18.841553,-0.1253,-0.03696,0.12866
2017-05-20T18:20:28-03:00,-0.7951050000000001,0.5578,1.645386,9.610606,24.591206,18.727114,214947.921875,255,617,309,0,1,3775,0,-68.457642,-63.19396999999999,84.480438,-0.1323,-0.00238,0.13285999999999998
2017-05-20T18:20:28-03:00,0.559082,0.819824,1.077942,10.166107,-22.432131,37.254653999999995,214948.75,43,2045,1971,1,1492,16,1,-39.103699,-83.194427,88.458099,-0.17695999999999998,-0.0049,0.1225
2017-05-20T18:20:28-03:00,0.401489,0.067383,0.8551030000000001,16.389793,-25.08292,4.505646,214948.75,37,2281,2550,1,2177,9,1,44.397278,-1.016846,-16.613464,-0.16842000000000001,-0.0231,0.11774000000000001
2017-05-20T18:20:29-03:00,0.26000999999999996,0.08099400000000001,0.9337770000000001,3.338575,-15.504439999999999,4.9572970000000005,214948.75,39,2403,2741,1176,2446,11,0,9.06189,0.456085,-5.443115,-0.18466,0.01694,0.11872
2017-05-20T18:20:29-03:00,0.208008,0.048706,0.9223020000000001,13.702879999999999,-12.69223,3.0229369999999998,214948.75,38,2549,2836,1585,2739,10,0,6.624451,-0.755157,-6.474915,-0.19208,-0.01722,0.1197
2017-05-20T18:20:29-03:00,0.204285,0.09350599999999999,0.9713129999999999,8.627986,-11.824113,5.498773,214948.125,32,2523,3007,2321,2858,3179,1,-6.504822,24.120178,3.3570860000000002,-0.16716,-0.00014,0.11018
2017-05-20T18:20:29-03:00,0.281921,-0.0008539999999999999,1.053894,17.736036,-14.976219,-0.046455,214948.125,17,1197,3082,2604,2424,5,0,27.664184999999996,130.096436,-24.875335999999997,-0.19977999999999999,-0.0322,0.09436
2017-05-20T18:20:29-03:00,1.1809690000000002,-0.20971700000000001,1.0665280000000001,18.383333,-47.373863,-11.124428,214948.125,44,156,1445,1414,366,1,1,44.905701,244.96261600000003,-111.47171000000002,-0.24388,-0.04214,0.0054600000000000004
2017-05-20T18:20:29-03:00,0.033081,0.043762,0.744202,24.904795,-2.540838,3.3653589999999998,214948.125,44,92,979,1,1,2272,0,-42.722473,-56.62185699999999,54.221802000000004,-0.18116,-0.05306,-0.019880000000000002
2017-05-20T18:20:29-03:00,0.35949699999999996,-0.149292,0.409912,22.475096,-39.490494,-20.011869,214947.921875,56,145,1185,0,1,2009,1,-97.116241,-206.546783,8.957214,-0.18732000000000001,-0.04634,0.05306
2017-05-20T18:20:29-03:00,0.9310299999999999,-0.054626,1.2651370000000002,17.326162,-36.324356,-2.4723990000000002,214947.921875,56,153,1398,0,1,1739,0,-37.309265,-221.49292000000003,-4.830017,-0.15834,-0.02436,0.12558
2017-05-20T18:20:29-03:00,1.2113040000000002,-0.26061999999999996,0.208191,26.385351,-74.60363000000001,-51.381126,214947.921875,90,311,1497,1,1,995,1,15.275116,-5.076752,15.903167999999999,-0.11508,-0.03696,0.12754000000000001
2017-05-20T18:20:30-03:00,-1.123535,1.7022709999999999,1.999756,19.379894,23.162369,40.405727,214947.921875,255,618,326,1,1,3786,0,-47.313232,201.978455,52.943268,-0.11815999999999999,-0.02254,0.14028
2017-05-20T18:20:30-03:00,0.104797,0.8438110000000001,1.56189,16.225014,-3.3783879999999997,28.38014,214949.5625,47,2197,1465,1,1398,3942,1,-47.462769,73.35495,-10.893707000000001,-0.12516,-0.0168,0.13762
2017-05-20T18:20:30-03:00,0.203247,-0.091431,0.989807,14.991353,-11.55596,-5.277561,214949.5625,45,2547,2343,619,2440,13,0,-7.073059,-20.187378,3.274841,-0.17318,-0.019459999999999998,0.12404000000000001
2017-05-20T18:20:30-03:00,0.315002,-0.010742,0.9587399999999999,22.262951,-18.187321,-0.641943,214947.109375,36,2595,2925,2324,2897,2909,1,-1.3981629999999998,16.882629,8.673096000000001,-0.12305999999999999,-0.029960000000000004,0.12152
2017-05-20T18:20:30-03:00,0.334045,0.09411599999999999,0.902283,17.907845000000002,-20.214956,5.954931,214947.109375,23,1900,3054,2654,2630,318,1,19.858398,73.42971800000001,-23.821106,-0.1645,-0.02702,0.11662
2017-05-20T18:20:30-03:00,-0.44573999999999997,0.36749299999999996,1.195557,18.881363,19.614769,17.086491,214947.109375,16,696,2721,2561,1243,2,1,-28.546447999999998,231.81839,-48.44223,-0.20257999999999998,-0.03682,0.0854
2017-05-20T18:20:30-03:00,1.5665280000000001,-1.538879,1.999756,19.041851,-31.832790000000003,-37.579491,214947.109375,16,13,1178,1,1,1770,0,45.339355,-44.412231,-23.305206,-0.18424000000000001,-0.03402,-0.02408
2017-05-20T18:20:31-03:00,0.193481,-0.348267,0.775452,23.103006,-12.822484,-24.185541,214947.515625,96,95,1254,0,1,1678,1,-48.58429,-130.604858,45.189819,-0.17024,-0.0441,-0.010920000000000001
2017-05-20T18:20:31-03:00,0.805481,-0.40820300000000004,1.266541,21.707623,-31.186834,-17.864014,214947.515625,38,65,1371,1,1,1526,1,-63.844452000000004,-227.69119300000003,-7.5740050000000005,-0.15847999999999998,-0.03696,0.07714
2017-05-20T18:20:31-03:00,-0.132141,0.103149,0.548035,14.001423,13.330791,10.659333,214948.75,255,681,17,0,1,3838,0,73.22036700000001,219.705963,-24.292145,-0.14014000000000001,-0.0133,0.13832
2017-05-20T18:20:31-03:00,0.451538,0.303406,0.590454,7.010644999999999,-34.222965,27.196436,214948.75,57,2277,1333,1,1919,3899,1,-31.641846,59.552765,8.074950999999999,-0.14307999999999998,0.00392,0.12754000000000001
2017-05-20T18:20:31-03:00,0.121643,0.0068969999999999995,0.967102,12.83428,-7.168891,0.408603,214948.75,59,2505,1745,1,2485,3865,1,-5.562744,-1.517792,-5.076752,-0.14868,-0.011059999999999999,0.12655999999999998
2017-05-20T18:20:31-03:00,0.192078,0.004089,0.934082,14.478063,-11.619792,0.250836,214948.75,53,2625,1850,1,2664,3808,1,12.904967999999998,2.564545,-9.914246,-0.1694,-0.0175,0.12992
2017-05-20T18:20:32-03:00,0.271667,0.073242,0.9611209999999999,15.843762,-15.739951000000001,4.3578019999999995,214949.15625,54,2677,1851,1048,2776,3791,1,2.990723,4.209442,-4.201965,-0.14937999999999999,-0.01904,0.11900000000000001
2017-05-20T18:20:32-03:00,0.264404,0.021057,0.9412229999999999,17.046592999999998,-15.68715,1.281613,214949.15625,50,2677,2483,1832,2792,16,1,-0.17944300000000002,5.712280000000001,3.828125,-0.14672000000000002,-0.021840000000000002,0.11648
2017-05-20T18:20:32-03:00,0.367188,0.11456300000000001,0.924683,3.7024510000000004,-21.508541,7.062635,214949.15625,34,2590,2905,2288,2802,22,0,-8.254395,23.297729,12.912445,-0.16898,0.014419999999999999,0.11634000000000001
2017-05-20T18:20:32-03:00,-0.031616000000000005,0.728455,1.543823,22.395025,1.061049,25.26033,214948.53125,16,5,1353,1,1,1806,1,-12.448883,32.823181,63.620148,-0.2135,-0.0525,-0.024919999999999998
2017-05-20T18:20:32-03:00,0.272095,-0.51062,1.1296389999999998,19.505058,-12.379389,-24.323956,214948.53125,66,13,1373,1,1,1905,0,-75.089569,-178.875122,30.505371000000004,-0.1806,-0.03486,0.016659999999999998
2017-05-20T18:20:32-03:00,0.768005,0.024048,1.193726,12.942657,-32.750659999999996,1.154079,214948.53125,43,147,1460,0,1,1300,0,-63.38089,-228.177185,-41.997223,-0.18717999999999999,-0.014280000000000001,0.10737999999999999
2017-05-20T18:20:32-03:00,1.999756,-0.232971,1.095947,17.179932,-60.738693000000005,-12.00102,214948.75,43,148,1184,0,1,507,0,63.515471999999995,-142.029419,43.672028000000005,-0.09072000000000001,-0.01372,0.133
2017-05-20T18:20:33-03:00,0.12677,-0.282471,-1.044617,21.630564,-6.681642,-164.868744,214948.75,255,502,998,0,1,3248,1,35.664367999999996,135.47226,-67.575378,-0.09422,-0.021840000000000002,0.12347999999999999
2017-05-20T18:20:33-03:00,1.155701,-0.753967,0.707214,9.873935000000001,-48.188305,-46.832645,214948.75,56,1619,958,1,277,3927,1,-95.927429,61.646271,18.931274,-0.13635999999999998,-0.0030800000000000003,0.13076
2017-05-20T18:20:33-03:00,0.239319,0.01123,0.935852,2.778413,-14.343449,0.687531,214948.75,37,2268,2411,1,1942,9,1,25.914611999999998,29.443665000000003,-15.888214000000001,-0.1309,0.0133,0.13285999999999998
2017-05-20T18:20:33-03:00,0.211853,0.070312,0.947998,10.333963,-12.563732,4.24183,214949.359375,33,2385,2675,1161,2293,3916,1,0.500946,1.181335,-1.5776059999999998,-0.1463,-0.00448,0.1358
2017-05-20T18:20:33-03:00,0.2146,0.07147200000000001,0.9310299999999999,359.791534,-12.943008,4.389801,214949.359375,33,2437,2761,1384,2491,3895,1,0.411224,-1.570129,-1.9888310000000002,-0.15666,0.02422,0.14028
2017-05-20T18:20:33-03:00,0.22796599999999997,0.115356,0.925293,14.546348000000002,-13.73816,7.106408999999999,214949.359375,34,2488,2900,1,2618,3842,1,-6.145935,8.03009,0.37384,-0.12725999999999998,-0.0133,0.13314
2017-05-20T18:20:33-03:00,0.28118899999999997,0.167114,0.940308,355.511993,-16.405785,10.077554,214949.359375,26,2360,3067,2509,2760,2946,1,17.81723,22.722015,-7.648772999999999,-0.10374000000000001,0.02408,0.1358
2017-05-20T18:20:33-03:00,0.23822,0.118652,1.0303959999999999,9.89289,-12.935092,6.568805,214948.125,21,921,3053,2629,1979,4,0,18.624725,122.67944299999999,-28.6586,-0.18325999999999998,-0.0042,0.1162
2017-05-20T18:20:34-03:00,0.7867430000000001,0.001038,0.859497,17.033419,-42.469498,0.069168,214948.125,36,19,1640,1552,333,2,1,79.650421,244.96261600000003,-89.542236,-0.19782,-0.0294,0.04732
2017-05-20T18:20:34-03:00,0.973999,0.353577,1.136475,12.067594,-39.294998,17.281809,214948.328125,56,128,1502,0,1,1372,0,-33.772736,-193.74649,-13.929291000000001,-0.11256,-0.00686,0.12936
2017-05-20T18:20:34-03:00,1.182251,-0.383423,0.942627,310.137146,-49.279732,-22.134521,214948.328125,56,183,1344,1,1,765,0,53.59375,-162.889709,23.559418,-0.010920000000000001,0.01778,0.11634000000000001
2017-05-20T18:20:34-03:00,0.871216,-0.59314,-0.305786,20.030825,-52.549065,-117.27283500000001,214948.328125,255,425,1360,1,1,954,1,-17.293854,73.93066400000001,-74.663391,-0.06566,-0.0133,0.0924
2017-05-20T18:20:34-03:00,0.43621800000000005,-0.119995,0.656982,21.431339,-33.151253000000004,-10.350744,214948.328125,255,907,456,1,1,3913,0,8.299255,39.70932,2.781372,-0.07364,-0.0168,0.11578
2017-05-20T18:20:34-03:00,0.33874499999999996,0.397217,0.907532,13.567,-18.877659,23.638474,214949.765625,42,2122,2113,1,1340,11,1,5.069275,32.232513,-1.106567,-0.08022,-0.006999999999999999,0.12264000000000001
2017-05-20T18:20:35-03:00,0.16748,0.119202,1.0006709999999999,359.550354,-9.435921,6.793158999999999,214949.765625,32,2373,2677,559,2239,3931,1,-1.40564,-4.695435,3.409424,-0.10835999999999998,0.01722,0.12194
2017-05-20T18:20:35-03:00,0.1203,0.149536,0.9118040000000001,354.114532,-7.418025999999999,9.313614,214948.53125,25,2058,3092,2537,2744,2061,1,25.28656,43.425292999999996,-2.15332,-0.10094,0.026039999999999997,0.12264000000000001
2017-05-20T18:20:35-03:00,0.49127200000000004,-0.025146,1.255371,14.904107999999999,-21.368298,-1.147545,214948.53125,16,657,3042,2622,1281,1,0,2.3028560000000002,174.680634,-8.261871000000001,-0.16422,-0.0182,0.1022
2017-05-20T18:20:35-03:00,1.786316,-0.38879400000000003,1.035156,20.111013,-58.241749,-20.585657,214948.53125,75,100,1009,1,1,775,1,71.096954,244.96261600000003,-105.766907,-0.1743,-0.03556,0.03094
2017-05-20T18:20:35-03:00,0.330383,-0.247192,0.8764040000000001,13.923375,-19.941803,-15.751268,214948.53125,75,40,1254,1,1,1664,1,-28.247375,-98.11065699999999,19.155579,-0.17962,-0.0168,0.0182
2017-05-20T18:20:35-03:00,0.509827,-0.12677,0.540466,9.117132000000002,-42.563866,-13.200481,214949.359375,46,305,1286,0,1,1511,0,-65.66879300000001,-235.81848100000002,-36.681213,-0.1344,-0.00126,0.07518
2017-05-20T18:20:36-03:00,0.9501950000000001,0.185852,1.342834,307.777466,-35.027493,7.879836999999999,214949.359375,64,278,1355,1,1,662,0,-32.800751,-200.228882,79.69528199999999,-0.0266,0.0476,0.09086
2017-05-20T18:20:36-03:00,0.162964,0.078552,1.235474,329.247314,-7.499192999999999,3.638007,214949.359375,74,1547,747,1,1,3949,1,-3.4019470000000003,30.46051,15.409698,-0.07056,0.05782,0.0061600000000000005
2017-05-20T18:20:36-03:00,0.23284899999999997,0.148315,1.035339,273.87027,-12.550989999999999,8.152325999999999,214949.359375,51,2073,1985,1,1328,14,0,-5.577698000000001,3.18512,3.065491,0.00406,0.049280000000000004,0.0175
2017-05-20T18:20:36-03:00,0.381226,0.131287,0.970276,323.484985,-21.273761999999998,7.7058089999999995,214949.359375,34,2328,2533,43,2007,9,0,43.604735999999995,37.713013000000004,-15.462036,-0.04214,0.04228,0.01708
2017-05-20T18:20:36-03:00,0.24353000000000002,0.146851,0.9631350000000001,338.582184,-14.034243,8.669205,214949.359375,32,2476,2936,1962,2581,11,0,-11.58905,7.626342999999999,-0.9869379999999999,-0.07153999999999999,0.0413,0.00924
2017-05-20T18:20:36-03:00,0.26269499999999996,0.074402,0.9124760000000001,324.38079799999997,-16.01034,4.661498,214948.953125,31,2431,3014,2403,2731,3223,1,6.1683650000000005,10.332947,-7.925414999999999,-0.05586,0.05432000000000001,0.013580000000000002
2017-05-20T18:20:36-03:00,0.19586199999999998,0.145386,0.929932,306.409882,-11.755025999999999,8.885707,214948.953125,22,1462,3124,2632,2600,648,2,21.862182999999998,100.57800300000001,-25.944519,-0.03178,0.0602,0.007559999999999999
2017-05-20T18:20:36-03:00,-0.125,0.6054689999999999,0.996033,317.911652,6.120945,31.294597999999997,214948.953125,19,345,2618,2500,1278,3,1,36.785889000000005,244.96261600000003,-61.758423,-0.05082,0.062020000000000006,0.022959999999999998
2017-05-20T18:20:37-03:00,0.8831180000000001,-0.46899399999999997,1.9164430000000001,311.367004,-24.113415,-13.751228,214948.953125,19,1,1045,0,1,2047,1,16.897582999999997,-137.767639,78.297119,-0.045360000000000004,0.07042000000000001,0.03318
2017-05-20T18:20:37-03:00,0.517029,-0.2948,1.0601200000000002,316.454987,-25.167824,-15.540272,214949.359375,75,27,1131,0,1,1876,1,-54.655457,-182.306976,70.954895,-0.04214,0.05417999999999999,-0.0441
2017-05-20T18:20:37-03:00,0.772095,-0.5424800000000001,1.139099,3.151348,-31.464903000000003,-25.46549,214949.359375,42,21,1260,0,1,1535,0,-99.740601,-215.720825,-38.027039,-0.12964,0.012320000000000001,-0.11298
2017-05-20T18:20:37-03:00,1.479065,0.320862,1.268921,4.762830999999999,-48.493629,14.190470999999999,214949.359375,42,50,1259,1,1,742,1,-3.424377,-186.292114,71.530609,-0.17206,0.011479999999999999,-0.00854
2017-05-20T18:20:38-03:00,1.480408,-1.328003,0.934326,15.429235,-42.35614,-54.871418000000006,214948.75,20,183,1019,0,13,1831,0,238.93631000000002,-33.264313,-200.154114,-0.14686,-0.01764,-0.10752
2017-05-20T18:20:38-03:00,0.39465300000000003,0.3526,0.9920040000000001,9.346966,-20.548946,19.567352,214948.75,79,164,1052,1,1,2081,1,-55.754546999999995,-200.856934,90.484314,-0.20915999999999998,-0.0028,-0.09043999999999999
2017-05-20T18:20:38-03:00,0.766479,-0.260925,0.8498540000000001,15.890726999999998,-40.767094,-17.067733999999998,214948.75,42,263,1095,0,0,1705,0,-121.71493500000001,-245.0,-39.597167999999996,-0.24444000000000002,-0.03136,0.02632
2017-05-20T18:20:38-03:00,1.268127,-0.042175,1.264709,13.594109,-45.061398,-1.9099810000000002,214948.75,42,273,1174,1,1,748,0,-58.483582,-178.912506,68.92868,-0.14042000000000002,-0.012320000000000001,0.11872
2017-05-20T18:20:39-03:00,0.868591,-0.8220209999999999,-0.605896,14.274431,-40.383415,-126.393196,214949.765625,127,432,1447,1,1,623,0,51.657257,137.266693,-10.871277000000001,-0.14742,-0.0147,0.12824000000000002
2017-05-20T18:20:39-03:00,0.77655,0.6876220000000001,0.779297,12.265146000000001,-36.766777000000005,41.423962,214949.765625,255,814,8,0,1,3864,1,53.638611,219.758301,-20.007935,-0.1239,-0.00798,0.13285999999999998
2017-05-20T18:20:39-03:00,0.5192869999999999,0.28369099999999997,0.8865360000000001,13.860517999999999,-29.156326,17.744671,214949.765625,61,2003,1383,1,1008,3954,1,-49.68338,55.717163,21.757507,-0.1848,-0.01708,0.12222000000000001
2017-05-20T18:20:39-03:00,0.018677000000000003,0.34314,0.8428959999999999,12.85163,-1.175685,22.151056,214949.765625,47,2201,2352,0,1794,10,0,16.359253,24.905243,-11.656342,-0.15932000000000002,-0.0119,0.12487999999999999
2017-05-20T18:20:39-03:00,0.327515,0.12951700000000002,0.925781,11.939335,-19.308374,7.963978999999999,214949.359375,37,2370,2733,1414,2310,10,0,4.673004,10.220794999999999,-3.768311,-0.19796,-0.01162,0.11494000000000001
2017-05-20T18:20:39-03:00,0.24560500000000002,0.113403,0.9281010000000001,0.8356979999999999,-14.717885,6.966359,214949.359375,31,2427,2907,2045,2605,10,1,-6.235657,11.738586,2.370148,-0.15442,0.021,0.11774000000000001
2017-05-20T18:20:39-03:00,0.180542,0.11651600000000001,0.958374,8.266912,-10.592346000000001,6.931822,214949.359375,27,2408,3020,2352,2734,9,0,6.9010929999999995,13.540497,-0.508423,-0.20496,0.00112,0.11395999999999999
2017-05-20T18:20:39-03:00,0.250854,0.089905,0.958923,17.12184,-14.59879,5.356164,214949.359375,24,1445,3107,2690,2539,521,0,39.021454,113.632507,-24.553832999999997,-0.1771,-0.0266,0.0924
2017-05-20T18:20:40-03:00,-0.19622799999999999,0.47119099999999997,1.337891,15.298539000000002,7.876346000000001,19.401743,214950.390625,16,229,2589,2552,944,4,0,20.441589,244.96261600000003,-62.035065,-0.21391999999999997,-0.0252,0.03584
2017-05-20T18:20:40-03:00,-0.8608399999999999,0.059691999999999995,1.999756,19.699177,23.281282,1.709762,214950.390625,16,3,1125,1,1,1874,1,58.094788,-36.778412,73.788605,-0.2023,-0.039760000000000004,-0.06356
2017-05-20T18:20:40-03:00,0.45343,-0.201904,1.041382,12.451496,-23.144392,-10.972439,214950.390625,72,75,1077,0,1,1721,1,-38.999023,-194.666138,30.340881,-0.25032,-0.01694,-0.02562
2017-05-20T18:20:40-03:00,0.780151,-0.11828599999999999,1.208923,8.317692999999998,-32.711025,-5.588272,214950.390625,31,83,1097,1,1,1376,0,-91.209564,-244.364471,-66.080017,-0.21406,0.00098,0.07826
2017-05-20T18:20:40-03:00,1.11145,-0.18395999999999998,1.185486,21.791117,-42.813877000000005,-8.820627,214949.359375,31,84,1153,1,1,1029,0,2.026215,-189.821167,59.993896,-0.12165999999999999,-0.028560000000000002,0.14126
2017-05-20T18:20:40-03:00,0.535828,-0.8226319999999999,-0.647522,11.911269,-27.104329999999997,-128.20752,214949.359375,187,541,920,1,1,2818,1,-5.203857,73.422241,-66.678162,-0.12025999999999999,-0.006999999999999999,0.133
2017-05-20T18:20:41-03:00,0.241577,0.065857,0.974915,18.367718,-13.886757000000001,3.8645449999999997,214950.390625,36,2347,2587,819,2213,10,1,-7.506714,3.506622,-2.407532,-0.15175999999999998,-0.026180000000000002,0.12292
2017-05-20T18:20:41-03:00,0.269409,0.09277300000000001,0.9338989999999999,2.539144,-16.016914,5.673145,214950.390625,38,2416,2740,1585,2355,9,1,-0.650482,1.211243,-0.740204,-0.1442,0.01526,0.12068
2017-05-20T18:20:41-03:00,0.16650399999999999,0.139282,0.9282229999999999,18.546204,-10.059242999999999,8.533713,214950.390625,24,2435,2944,2026,2533,9,1,-2.34024,4.082336,3.4019470000000003,-0.13146,-0.0231,0.12502
2017-05-20T18:20:41-03:00,0.13226300000000002,0.196655,0.9603879999999999,18.967268,-7.6838880000000005,11.572284,214950.390625,22,1988,3093,2548,2649,2148,1,24.217377,49.631042,-11.424561,-0.16268,-0.02982,0.12264000000000001
2017-05-20T18:20:41-03:00,0.129822,0.175232,1.2521360000000001,16.560114000000002,-5.862563,7.966597,214949.765625,13,370,2893,2705,1029,4,0,-9.353485000000001,208.842163,-16.628418,-0.17976,-0.0252,0.08567999999999999
2017-05-20T18:20:41-03:00,1.060059,-0.392151,0.353027,23.161607999999998,-63.538081999999996,-48.005398,214949.765625,13,16,75,1,1,2833,1,38.049469,244.96261600000003,-74.483948,-0.18298,-0.0476,-0.02282
2017-05-20T18:20:41-03:00,0.09887699999999999,-0.21148699999999998,0.769592,17.943266,-7.062218,-15.365794000000001,214949.765625,77,29,997,1,1,2164,1,-39.058838,-209.477692,57.459258999999996,-0.2233,-0.03682,-0.021840000000000002
2017-05-20T18:20:41-03:00,0.9069209999999999,0.10803199999999999,1.046265,11.012267999999999,-40.769034999999995,5.895194,214949.765625,31,67,1138,0,1,1845,1,-51.118927,-245.0,-20.179901,-0.19446,-0.00826,0.08694
2017-05-20T18:20:41-03:00,1.375305,0.118103,1.304749,8.090304,-46.391319,5.172194999999999,214950.171875,31,14,1146,1,1,1083,0,23.940735,-180.97610500000002,93.938599,-0.14742,0.00126,0.1386
2017-05-20T18:20:42-03:00,1.84906,-0.714294,-0.789307,20.244497,-60.070384999999995,-137.856033,214950.171875,117,172,1169,1,1,1484,0,5.413208,95.336761,-21.219177,-0.11732000000000001,-0.02422,0.13412000000000002
2017-05-20T18:20:42-03:00,1.760498,0.017151,1.502197,13.629932,-49.5247,0.654129,214950.171875,255,1199,6,1,1,3931,0,35.574646,121.991577,-44.599152000000004,-0.12516,-0.011059999999999999,0.1372
2017-05-20T18:20:42-03:00,0.279724,0.59906,1.1450200000000001,359.680389,-12.213853,27.618008000000003,214950.171875,45,2031,1831,3,1053,9,1,-14.505004999999999,-7.544098,22.497711,-0.1806,0.02828,0.13314
2017-05-20T18:20:42-03:00,0.216614,0.087402,0.923401,5.268289,-13.145185000000001,5.407089,214950.171875,48,2246,2223,1,1642,8,1,0.26168800000000003,9.129180999999999,-9.637604,-0.17178,0.009940000000000001,0.13005999999999998
2017-05-20T18:20:42-03:00,0.224609,0.125671,0.922607,12.069999000000001,-13.561976000000001,7.756709,214950.171875,46,2371,2482,1,1990,8,1,16.269531,8.665619,-7.835692999999999,-0.14462,-0.00882,0.13355999999999998
2017-05-20T18:20:42-03:00,0.23913600000000002,0.058105,0.9417110000000001,14.683944,-14.222425,3.530787,214950.171875,33,2488,2698,1565,2337,8,0,-2.8636169999999996,12.605896000000001,1.7420959999999999,-0.1715,-0.018340000000000002,0.13146
2017-05-20T18:20:42-03:00,0.232361,0.19805899999999999,0.9218139999999999,20.611710000000002,-13.844372,12.126101,214950.171875,25,2465,3023,2376,2573,9,0,7.319794,20.269623,0.38879400000000003,-0.11298,-0.02408,0.1281
2017-05-20T18:20:42-03:00,0.338013,0.122681,1.029297,12.201008999999999,-18.06031,6.796950999999999,214950.171875,15,952,3115,2625,1719,498,0,21.555634,169.790802,-32.703552,-0.21238,-0.01344,0.11367999999999999
2017-05-20T18:20:43-03:00,1.286865,-0.274231,0.967224,14.394495999999998,-52.001686,-15.829289000000001,214950.171875,35,1,1383,944,1,893,1,8.209534,244.96261600000003,-74.790497,-0.25984,-0.02646,0.012740000000000001
2017-05-20T18:20:43-03:00,0.262329,-0.27270500000000003,0.425476,19.317774,-27.433111,-32.657478000000005,214950.171875,35,7,1264,1,1,1981,1,-12.62085,-46.214141999999995,14.946136,-0.23772,-0.04508,-0.00896
2017-05-20T18:20:43-03:00,0.424072,0.001038,0.295959,15.493559,-55.088699,0.200871,214950.171875,48,79,1096,0,1,1758,0,-67.463226,-227.294922,-35.978394,-0.20551999999999998,-0.024919999999999998,0.06146
2017-05-20T18:20:43-03:00,1.022583,0.22296100000000002,1.261658,14.926917000000001,-38.594772,10.021894,214949.765625,66,68,1134,1,1,1088,0,-22.639771,-191.286621,83.201904,-0.1309,-0.01456,0.12642
2017-05-20T18:20:43-03:00,1.164246,-0.33868400000000004,0.641235,19.049173,-58.082145999999995,-27.841865999999996,214949.765625,66,239,1189,1,1,1210,0,24.91272,-104.428558,21.944426999999997,-0.11592000000000001,-0.021419999999999998,0.13594
2017-05-20T18:20:43-03:00,0.567322,-0.108215,0.807617,22.33057,-34.847229,-7.631794999999999,214949.765625,255,368,823,1,1,3192,0,-9.375916,-161.925201,13.331145999999999,-0.10584,-0.0259,0.14658
2017-05-20T18:20:43-03:00,-0.008301000000000001,-0.658081,1.6737060000000001,11.903899000000001,0.26445,-21.464154999999998,214949.765625,149,1211,79,0,1,3928,1,-30.296021000000003,-14.362945999999999,-7.424469,-0.13258,-0.0077,0.14
2017-05-20T18:20:43-03:00,0.153442,0.271423,0.909119,8.730382,-9.186755,16.623341,214949.765625,44,2097,2074,1,1533,13,0,-10.16098,16.075134,-2.257996,-0.16002,-0.00042,0.1477
2017-05-20T18:20:43-03:00,0.269409,0.195679,0.9223020000000001,9.890459,-15.947007999999999,11.978441,214949.765625,39,2309,2484,3,2110,8,1,-2.4823,6.594542999999999,-5.465546,-0.17135999999999998,-0.00392,0.13608
2017-05-20T18:20:44-03:00,0.235779,0.14562999999999998,0.919067,17.25144,-14.218376000000001,9.003886,214949.765625,43,2427,2673,1302,2464,10,1,0.800018,2.287903,-3.22998,-0.1533,-0.02338,0.13314
2017-05-20T18:20:44-03:00,0.232422,0.126404,0.92511,8.486532,-13.978212,7.780516,214949.765625,31,2540,2851,1813,2673,9,0,-1.914062,10.310516,-2.205658,-0.17164000000000001,0.00028,0.1316
2017-05-20T18:20:44-03:00,0.225708,0.15033,0.95929,14.02852,-13.085999000000001,8.906345,214949.765625,29,2475,3022,2384,2851,2834,1,14.893799,23.925781,-10.063782000000002,-0.18494000000000002,-0.01764,0.12642
2017-05-20T18:20:44-03:00,0.34967,0.022156,1.0708010000000001,11.058419,-18.080851000000003,1.1853280000000002,214949.765625,24,1042,2961,2625,2060,4,1,19.92569,177.088165,-13.151703,-0.1876,-0.00812,0.10192000000000001
2017-05-20T18:20:44-03:00,1.999756,0.357971,1.049927,15.327291,-60.982655,18.826744,214949.765625,66,22,944,498,1,1181,1,67.58285500000001,244.96261600000003,-82.865448,-0.1988,-0.02352,0.012320000000000001
2017-05-20T18:20:44-03:00,0.33813499999999996,-0.229431,1.204285,12.30927,-15.419692000000001,-10.7863,214949.765625,66,5,915,1,1,1888,1,-18.33313,-59.896698,19.611664,-0.24486,-0.01596,-0.01792
2017-05-20T18:20:45-03:00,1.367432,-0.705872,-1.8937380000000001,11.53197,-34.082546,-159.557556,214949.15625,98,573,916,0,1,1696,1,95.762939,107.202454,-10.175934,-0.13846,-0.0071400000000000005,0.12655999999999998
2017-05-20T18:20:45-03:00,1.282532,-0.692505,0.8617549999999999,15.55703,-49.239105,-38.785286,214949.15625,72,1607,15,0,0,3928,0,62.177124,213.59741200000002,-123.853302,-0.12012,-0.0147,0.12838
2017-05-20T18:20:45-03:00,0.22405999999999998,0.008484,0.915588,9.663281,-13.750435999999999,0.53089,214950.171875,39,2288,2074,1,1899,3946,1,-9.233856,-16.792907999999997,-0.530853,-0.1925,-0.00364,0.14028
2017-05-20T18:20:45-03:00,0.31451399999999996,0.173523,0.908875,10.913647000000001,-18.773331,10.808872000000001,214950.171875,31,2370,2378,3,2104,12,0,1.816864,4.785156,-6.527252,-0.17864000000000002,-0.00728,0.13468
2017-05-20T18:20:45-03:00,0.30541999999999997,0.135742,0.9098510000000001,3.176209,-18.366508,8.485465,214950.171875,36,2431,2465,1223,2257,9,0,0.957031,0.852356,-3.925323,-0.1554,0.0147,0.13832
2017-05-20T18:20:48-03:00,-0.788269,-0.34674099999999997,1.999756,24.920425,21.22555,-9.836801,214949.96875,15,62,1231,1,1,2342,1,36.105499,-168.57955900000002,24.389343,-0.20342000000000002,-0.05964,-0.049
2017-05-20T18:20:48-03:00,0.138245,-0.243103,0.47595200000000004,22.859735,-14.502835999999999,-27.056672999999996,214949.96875,55,84,1253,1,1,1943,1,-52.240448,-177.723694,46.984253,-0.20132,-0.05124,0.00462
2017-05-20T18:20:49-03:00,0.698975,0.009094,1.1296389999999998,18.437233,-31.746712,0.461254,214951.0,40,147,1352,1,1,1480,1,-50.872192,-231.6539,-31.851196,-0.15792,-0.02744,0.0924
2017-05-20T18:20:49-03:00,1.437317,-0.200745,1.292725,22.935259,-47.692139000000005,-8.826846000000002,214951.0,40,146,1349,0,1,796,0,46.012268,-206.14303600000002,46.064606,-0.17724,-0.045360000000000004,0.1386
2017-05-20T18:20:49-03:00,1.9314580000000001,-0.343506,-0.824219,25.365377,-65.188354,-157.37532,214951.0,255,765,693,1,1,3466,1,-65.093079,220.356445,20.217285,-0.1281,-0.03864,0.13692000000000001
2017-05-20T18:20:49-03:00,1.0485229999999999,-0.357788,0.43493699999999996,14.656842999999999,-61.758582999999994,-39.441448,214951.0,54,1673,635,1,1,3931,0,-1.009369,74.850311,-6.564636,-0.15386,-0.016380000000000002,0.12922
2017-05-20T18:20:49-03:00,0.11828599999999999,0.423279,0.992065,12.144160000000001,-6.2584610000000005,23.106207,214951.0,38,2341,2289,1,1798,10,0,1.996307,27.888489,-5.8094790000000005,-0.16408,-0.01022,0.1295
2017-05-20T18:20:49-03:00,0.351501,0.14141800000000002,0.909546,16.632959,-20.900351999999998,8.837727000000001,214951.0,32,2441,2543,952,2314,14,0,-2.370148,-0.082245,-1.6822810000000001,-0.20384000000000002,-0.028839999999999998,0.13342
2017-05-20T18:20:49-03:00,0.316284,0.124268,0.903259,18.272392,-19.131216000000002,7.833399000000001,214951.0,33,2475,2678,1494,2479,10,0,-1.0841370000000001,2.15332,-1.457977,-0.1582,-0.02702,0.12824000000000002
2017-05-20T18:20:49-03:00,0.246094,0.136658,0.9059450000000001,16.90798,-15.035020999999999,8.578138000000001,214951.0,22,2491,2899,2262,2649,11,1,-8.852539,14.161072,3.917847,-0.1645,-0.02408,0.13384000000000001
2017-05-20T18:20:49-03:00,0.078308,0.157349,0.983093,13.073799000000001,-4.497268,9.093328,214951.40625,23,1563,3071,2648,2284,630,0,32.344666,97.714386,-17.353668,-0.18704,-0.0147,0.11774000000000001
2017-05-20T18:20:50-03:00,0.7150880000000001,0.139343,1.106689,17.149141,-32.663475,7.176347,214951.40625,22,0,2530,1849,1,2,0,60.225677000000005,244.96261600000003,-71.351166,-0.22484,-0.03388,0.05446
2017-05-20T18:20:50-03:00,-0.441956,-0.342224,0.714539,20.458149,29.154460999999998,-25.591820000000002,214951.40625,22,3,1173,1,1,1847,0,-6.998291,-49.354401,-2.878571,-0.19236,-0.04046,-0.01064
2017-05-20T18:20:50-03:00,0.317017,-0.303284,1.006897,12.8535,-16.776308,-16.762632,214951.40625,54,55,1216,1,1,1684,0,-68.166046,-209.679565,-2.407532,-0.2548,-0.01904,0.0371
2017-05-20T18:20:50-03:00,0.747009,0.35614,1.077026,9.779736999999999,-33.365574,18.297493,214950.59375,37,75,1319,1,1,1602,0,-42.954254,-211.64596600000002,17.577972,-0.16044,-0.00336,0.13454000000000002
2017-05-20T18:20:50-03:00,0.9631350000000001,-0.246216,1.03009,22.443275,-42.282866999999996,-13.442820999999999,214950.59375,37,45,1155,1,1,1609,0,36.157837,-162.16445900000002,20.090179,-0.08736000000000001,-0.02156,0.14126
2017-05-20T18:20:50-03:00,0.5859989999999999,-0.546387,-0.929932,22.308975,-28.515724,-149.563385,214950.59375,255,458,815,1,1,3073,1,-59.111633,244.96261600000003,11.693726,-0.09226000000000001,-0.02254,0.13677999999999998
2017-05-20T18:20:50-03:00,0.7622680000000001,-0.176208,0.43927,16.680317000000002,-58.163738,-21.857664,214950.59375,162,1545,511,1,1,3929,0,12.688141,75.926971,-32.486725,-0.11312,-0.0161,0.1428
2017-05-20T18:20:50-03:00,0.142517,0.364685,1.00824,15.791567,-7.571617,19.885296,214950.171875,37,2177,1817,0,1426,9,1,-4.2916870000000005,4.867401,-3.843079,-0.14826,-0.01876,0.14924
2017-05-20T18:20:51-03:00,0.401306,-0.12353499999999999,0.914917,20.553185,-23.493681,-7.689761999999999,214950.171875,31,2385,2336,379,2206,7,1,1.891632,-3.4468080000000003,-4.157104,-0.15778,-0.033460000000000004,0.13566
2017-05-20T18:20:51-03:00,0.320862,0.167114,0.9027709999999999,22.054794,-19.263575,10.487454,214950.171875,32,2486,2505,1025,2412,6,1,-4.545898,1.26358,-3.738403,-0.1449,-0.03472,0.13355999999999998
2017-05-20T18:20:51-03:00,0.189697,0.063904,0.908752,15.632307,-11.762642,4.022439,214950.171875,27,2549,2714,1342,2634,2,0,-5.787048,9.398346,4.695435,-0.14937999999999999,-0.01848,0.13496
2017-05-20T18:20:51-03:00,0.184875,0.177734,0.9467770000000001,22.655695,-10.863873,10.632143,214950.171875,29,2500,2975,2331,2797,12,1,11.222686999999999,22.116394,-3.379517,-0.1435,-0.03598,0.13244
2017-05-20T18:20:51-03:00,0.47522,0.1875,1.071716,19.730021,-23.594984,9.923633,214950.171875,15,927,3066,2594,1942,180,0,9.899291999999999,129.236603,-25.82489,-0.16408,-0.03234,0.11172
2017-05-20T18:20:51-03:00,0.5588989999999999,-0.117798,0.625732,21.091766,-41.27578,-10.661491,214950.171875,30,74,1077,0,1,1648,0,-91.52359,-231.01837200000003,14.691925,-0.19935999999999998,-0.044239999999999995,0.06692000000000001
2017-05-20T18:20:51-03:00,1.2440799999999999,0.297119,1.226685,16.555039999999998,-44.586784,13.615571,214950.171875,30,74,1198,1,1,1002,1,-13.189086999999999,-194.576416,71.014709,-0.17388,-0.02436,0.12824000000000002
2017-05-20T18:20:52-03:00,1.375305,-0.6445310000000001,-1.135681,18.467989000000003,-46.484348,-150.42385900000002,214950.171875,80,314,1110,1,1,1199,0,12.695618,37.36908,-38.430786,-0.12208,-0.02128,0.14084000000000002
2017-05-20T18:20:52-03:00,0.5081180000000001,0.122253,0.969666,17.807932,-27.469812,7.185817999999999,214950.171875,177,1049,1,0,1,3885,1,111.46423300000001,244.96261600000003,-88.98895300000001,-0.14994000000000002,-0.02436,0.1372
2017-05-20T18:20:52-03:00,0.478882,0.164795,0.797363,17.203003,-30.461992,11.677187,214951.0,44,2063,1969,1,1457,11,1,-10.69931,30.819397,16.127472,-0.16155999999999998,-0.0245,0.1351
2017-05-20T18:20:52-03:00,0.182007,0.060913,0.935974,8.807364,-10.981575999999999,3.7235519999999998,214951.0,36,2280,2508,1161,1964,1,2,6.76651,-6.497345,-5.622559,-0.1764,-0.0007,0.12572
2017-05-20T18:20:52-03:00,0.266479,0.090027,0.9086299999999999,3.139668,-16.269728,5.658383000000001,214951.0,34,2345,2727,1598,2245,3880,1,-1.846771,1.94397,-2.990723,-0.1323,0.0126,0.13272
2017-05-20T18:20:52-03:00,0.181091,0.055175999999999996,0.9321290000000001,7.086705,-10.975558,3.387573,214951.0,28,2384,2906,2006,2384,3827,0,-2.13089,2.968292,-0.411224,-0.13426,0.0035,0.13677999999999998
2017-05-20T18:20:52-03:00,0.2276,0.14917,0.9473879999999999,21.332404999999998,-13.350235000000001,8.947983,214949.765625,22,2043,3091,2516,2498,3178,1,14.759216,34.176483000000005,2.616882,-0.14042000000000002,-0.03178,0.13272
2017-05-20T18:20:52-03:00,0.337097,0.020447,1.358276,15.257195000000001,-13.936545,0.8624350000000001,214949.765625,20,442,3022,2612,778,5,1,-21.832275,161.095276,-11.289978,-0.18536,-0.0217,0.09786
2017-05-20T18:20:53-03:00,1.639038,-0.34075900000000003,0.638123,12.202976,-66.185226,-28.102346,214949.765625,20,20,654,1,1,2626,1,43.328094,244.96261600000003,-71.979218,-0.20342000000000002,-0.01288,-0.025480000000000003
2017-05-20T18:20:53-03:00,0.861084,-0.291565,0.43994099999999997,23.314404999999997,-58.494510999999996,-33.533863000000004,214949.765625,73,67,1136,0,1,2238,1,-22.908935999999997,-86.140289,-2.983246,-0.2156,-0.0567,-0.02282
2017-05-20T18:20:53-03:00,0.559631,-0.19775399999999999,0.965881,15.741363,-29.580323999999997,-11.570793,214950.59375,37,70,1188,0,1,1914,0,-75.30639599999999,-242.241058,-28.651123,-0.21728000000000003,-0.0273,0.07112
2017-05-20T18:20:53-03:00,0.787292,0.37206999999999996,1.097839,17.415375,-34.183689,18.722107,214950.59375,66,59,1236,1,1,1269,0,-18.228455,-158.88961799999998,61.235046,-0.1351,-0.021,0.14756
2017-05-20T18:20:53-03:00,0.5737300000000001,-0.5200199999999999,-0.42315699999999995,15.122039000000001,-40.555576,-129.136368,214950.59375,66,99,1037,0,1,2077,1,-8.912353999999999,2.3178099999999997,-32.524109,-0.1526,-0.0175,0.14042000000000002
2017-05-20T18:20:53-03:00,-0.205139,0.28070100000000003,1.999756,17.399286,5.800562,7.990259,214950.59375,57,1360,1248,1,1,3928,1,-38.049469,160.43731699999998,30.266113,-0.12362000000000001,-0.019180000000000003,0.14615999999999998
2017-05-20T18:20:53-03:00,0.592957,0.008179,0.457642,12.162289999999999,-52.334755,1.023849,214950.796875,36,2191,2146,1,1692,10,1,3.409424,44.412231,-11.088104,-0.16772,-0.0105,0.14098
2017-05-20T18:20:53-03:00,0.24231,0.24054,0.9008790000000001,13.07827,-14.56705,14.949535000000001,214950.796875,35,2332,2437,75,2059,7,1,0.254211,8.344116,-2.616882,-0.16016,-0.0126,0.13202
2017-05-20T18:20:53-03:00,0.181641,0.13000499999999998,0.9535520000000001,14.721379999999998,-10.688400999999999,7.763692999999999,214950.796875,32,2408,2688,1352,2277,8,1,-6.721649,8.54599,0.5757140000000001,-0.18606,-0.02002,0.13272
2017-05-20T18:20:54-03:00,0.23175,0.20318599999999998,0.90686,9.542864,-14.002264000000002,12.628803999999999,214950.796875,27,2447,2914,2004,2563,10,1,-6.654358,13.420867999999999,1.4878850000000001,-0.18325999999999998,-0.0030800000000000003,0.13734000000000002
2017-05-20T18:20:54-03:00,0.102051,0.21826199999999998,0.941467,15.657542999999999,-6.027808,13.052386,214950.59375,26,1974,3072,2597,2644,2169,1,19.477081,50.543213,-6.213226000000001,-0.18717999999999999,-0.02324,0.13216
2017-05-20T18:20:54-03:00,-0.169678,0.27887,1.317688,16.943542,7.180234,11.949502,214950.59375,19,520,2815,2531,1129,5,0,-17.570496,220.737762,-46.99173,-0.19712000000000002,-0.028980000000000002,0.09506
2017-05-20T18:20:54-03:00,1.773193,-0.187744,1.1339110000000001,21.571629,-57.049496,-9.401297,214950.59375,77,34,701,0,1,2285,1,127.150574,89.796448,35.933533000000004,-0.196,-0.045219999999999996,-0.01316
2017-05-20T18:20:54-03:00,0.430359,0.023071,1.082336,24.28631,-21.679302,1.221143,214950.59375,56,5,1062,1,1,1893,1,-27.028655999999998,-158.037262,30.348358,-0.19964,-0.056139999999999995,0.00392
2017-05-20T18:20:54-03:00,0.930908,0.565613,0.916687,22.338394,-40.834885,31.67535,214951.0,33,21,1159,1,1,1527,0,-53.07785,-239.45220899999998,8.433838,-0.12922,-0.031639999999999995,0.0924
2017-05-20T18:20:55-03:00,1.541931,-0.1875,1.162048,20.12076,-52.64264300000001,-9.165848,214951.0,33,12,956,1,1,1125,1,29.884796,-149.685669,49.092712,-0.15358,-0.03136,0.14658
2017-05-20T18:20:55-03:00,0.548157,0.098022,1.227417,15.558237,-23.997498999999998,4.565994,214950.59375,16,808,2974,2516,1403,4,1,22.879027999999998,144.646301,-9.046936,-0.22876,-0.027999999999999997,0.09506
2017-05-20T18:20:55-03:00,1.039001,0.028992,0.862244,19.228107,-50.295582,1.925762,214950.59375,50,135,911,4,31,1318,1,32.808228,244.96261600000003,-51.485291,-0.23828000000000002,-0.0448,-0.01288
2017-05-20T18:20:55-03:00,-1.313965,0.9512940000000001,1.237427,20.383442000000002,40.091949,37.551926,214950.59375,50,47,1055,1,1,1884,1,-198.755951,-190.71838400000001,101.93130500000001,-0.22778,-0.0476,-0.04116
2017-05-20T18:20:56-03:00,0.293335,-0.06628400000000001,1.525635,7.516702,-10.873474,-2.487762,214949.96875,38,49,1442,1,1,2035,0,-90.439453,-205.417786,13.742370999999999,-0.24891999999999997,0.00462,0.04662
2017-05-20T18:20:56-03:00,1.158447,0.22876,1.216492,15.990851999999999,-43.102996999999995,10.650025999999999,214949.96875,65,238,1373,1,1,1601,0,-14.146118,-207.556152,-2.15332,-0.2002,-0.026039999999999997,0.12642
2017-05-20T18:20:56-03:00,0.909912,0.023865,0.007568000000000001,9.754779,-88.423912,72.404327,214949.96875,65,363,1329,1,1,1561,0,69.03335600000001,-50.266571,16.74057,-0.11606,-0.00238,0.13846
2017-05-20T18:20:56-03:00,-0.390869,0.632202,0.684753,10.564992,22.753241,42.714905,214949.96875,255,503,891,1,0,3585,0,-4.172058,-117.430725,130.597382,-0.13734000000000002,-0.00476,0.1498
2017-05-20T18:20:56-03:00,-0.126526,0.832764,1.715271,19.508101,3.7964239999999996,25.896563,214952.03125,57,1872,1251,1,621,3947,0,-83.635559,15.462036,49.601135,-0.15372,-0.02968,0.12936
2017-05-20T18:20:56-03:00,0.530701,0.167969,0.981201,10.669263,-28.062673999999998,9.714125,214952.03125,47,2230,2253,1,1811,8,0,26.056670999999998,14.063873000000001,-15.282592999999999,-0.19572,-0.0071400000000000005,0.13677999999999998
2017-05-20T18:20:56-03:00,0.261292,0.11639400000000001,0.9371950000000001,12.596715,-15.465495,7.079546000000001,214952.03125,42,2283,2374,700,2089,8,1,2.287903,5.181426999999999,-3.91037,-0.16548,-0.01162,0.13188
2017-05-20T18:20:56-03:00,0.290344,0.10540799999999999,0.9172969999999999,2.429818,-17.455864000000002,6.555173,214952.03125,38,2392,2657,1325,2415,3909,1,-5.87677,9.473114,-1.07666,-0.1715,0.01848,0.12866
2017-05-20T18:20:57-03:00,0.238281,0.152832,0.9328,9.518492,-14.148682999999998,9.304793,214951.40625,30,2451,2908,1966,2623,3833,1,-9.323578,17.996674,0.553284,-0.18802,-0.0030800000000000003,0.13118
2017-05-20T18:20:57-03:00,0.11492899999999999,0.20849600000000001,0.969727,358.471588,-6.609344,12.134155999999999,214951.40625,23,2045,3054,2589,2682,2630,0,25.630492999999998,45.802917,5.428162,-0.20496,0.036539999999999996,0.1204
2017-05-20T18:20:57-03:00,0.033936,0.274963,1.2276,11.298707,-1.545203,12.624989999999999,214951.40625,20,386,2633,2268,340,3,1,-8.202057,225.2388,-46.916962,-0.20048,-0.00952,0.07826
2017-05-20T18:20:57-03:00,-0.283875,-0.33886700000000003,1.165771,15.587848000000001,13.160975,-16.208123999999998,214951.40625,72,45,794,1,1,2006,1,24.39682,42.557983,25.570679000000002,-0.25284,-0.03108,-0.01694
2017-05-20T18:20:57-03:00,0.25488299999999997,-0.277344,1.143494,12.929692999999999,-12.222458,-13.633297,214950.59375,44,207,1042,0,1,1900,0,-28.815613,-150.209045,14.602203,-0.25032,-0.01904,0.00966
2017-05-20T18:20:57-03:00,0.9526979999999999,0.10919200000000001,1.338501,13.762714,-35.3522,4.663733000000001,214950.59375,37,349,1155,0,1,1684,1,-37.997131,-199.832611,-20.523834,-0.18522,-0.0168,0.08736000000000001
2017-05-20T18:20:57-03:00,1.4246219999999998,-0.052002,1.207886,11.90284,-49.680412,-2.465178,214950.59375,37,220,1082,0,1,1466,0,28.045502000000003,-97.415314,101.946259,-0.18325999999999998,-0.01064,0.12628
2017-05-20T18:20:57-03:00,0.43774399999999997,-0.633667,-0.767944,14.53634,-23.733507,-140.472366,214950.59375,135,416,897,1,1,2491,1,-69.048309,150.78476,-92.11425799999999,-0.17444,-0.0182,0.13692000000000001
2017-05-20T18:20:57-03:00,1.12439,-1.999756,1.065857,14.98228,-26.389909999999997,-61.942673,214951.40625,52,1670,1061,1,408,3926,1,-50.274048,106.581879,-114.963379,-0.15596,-0.0175,0.12025999999999999
2017-05-20T18:20:58-03:00,0.24469000000000002,0.178528,1.126343,6.861242999999999,-12.110021000000001,9.006583000000001,214951.40625,39,2276,2086,1,2091,9,0,47.851562,2.018738,-22.953796,-0.20062,0.00602,0.12362000000000001
2017-05-20T18:20:58-03:00,0.26593,0.151367,0.929565,14.020332000000002,-15.767614000000002,9.248669999999999,214951.40625,42,2430,2204,962,2391,8,1,3.252411,0.635529,-6.916046000000001,-0.20285999999999998,-0.01932,0.11928
2017-05-20T18:20:58-03:00,0.250183,0.078735,0.9088129999999999,12.084372,-15.336725,4.951475,214951.40625,34,2558,2402,1215,2690,9,1,2.990723,0.149536,-6.751556,-0.19432,-0.0119,0.11997999999999999
2017-05-20T18:20:58-03:00,0.092163,-0.050903,0.9368290000000001,2.154626,-5.610327,-3.110153,214950.171875,38,2622,2720,1756,2804,9,1,3.469238,5.50293,8.059998,-0.16534000000000001,0.018619999999999998,0.1197
2017-05-20T18:20:58-03:00,0.027222000000000003,0.159302,0.9692379999999999,7.560436999999999,-1.5874780000000002,9.333555,214950.171875,29,2389,3036,2461,2799,10,1,12.314300999999999,34.056854,5.936584,-0.1652,0.00294,0.11955999999999999
2017-05-20T18:20:58-03:00,0.9174190000000001,0.061217999999999995,1.187805,10.068296,-37.644493,2.950355,214950.171875,18,1000,2937,2558,1700,4,0,11.357269,140.070496,-20.2771,-0.24248000000000003,-0.0063,0.07966000000000001
2017-05-20T18:20:58-03:00,0.369446,0.137329,0.385803,16.823048,-42.055267,19.593510000000002,214950.171875,66,58,822,1,1,2301,0,83.246765,193.61938500000002,-114.39514199999999,-0.20874,-0.030239999999999996,-0.0385
2017-05-20T18:20:58-03:00,-0.504333,-0.112854,0.386658,11.270957000000001,51.38707,-16.270971,214950.390625,76,132,1419,0,1,2037,0,-49.750671000000004,-156.863403,117.527924,-0.22638000000000003,-0.01064,-0.02408
2017-05-20T18:20:59-03:00,0.663269,-0.046814,0.96521,17.526993,-34.4645,-2.7767459999999997,214950.390625,54,21,1633,1,1,1923,0,-62.917328000000005,-222.846222,-87.508545,-0.22498,-0.03542,0.0714
2017-05-20T18:20:59-03:00,0.8590700000000001,0.279968,1.0928959999999999,9.585086,-37.287872,14.368538000000001,214950.390625,54,82,1616,0,1,1219,1,36.68869,-157.775574,84.74960300000001,-0.18354,-0.00322,0.12487999999999999
2017-05-20T18:20:59-03:00,1.2026370000000002,-0.18573,0.35626199999999997,18.852043,-71.526894,-27.534357,214950.390625,140,171,1596,1,1,1064,1,-21.607971,0.904694,1.502838,-0.15064,-0.0273,0.13846
2017-05-20T18:20:59-03:00,-1.999756,1.9057009999999999,1.999756,16.745625,35.901764,43.620411,214951.40625,255,908,944,0,1,3701,1,-103.194885,230.39779700000003,51.8367,-0.15805999999999998,-0.022680000000000002,0.15344000000000002
2017-05-20T18:20:59-03:00,0.261902,1.064941,1.7093509999999998,6.586995,-7.4093979999999995,31.923294,214951.40625,46,2119,1736,1,1462,15,0,-70.715637,53.018035999999995,63.54538,-0.15288,0.00532,0.12124000000000001
2017-05-20T18:20:59-03:00,0.642334,0.009705,0.8839110000000001,9.040339,-36.004082000000004,0.629033,214951.40625,33,2431,2535,981,2306,1,1,-10.848846,-14.041443,3.633728,-0.22651999999999997,-0.00182,0.1078
2017-05-20T18:20:59-03:00,0.315918,0.144775,0.906616,6.909821000000001,-18.988272,9.072825,214951.40625,34,2478,2745,1791,2587,18,1,4.216919,7.379608,-5.742188,-0.21126,0.0061600000000000005,0.11354000000000002
2017-05-20T18:20:59-03:00,0.39318800000000004,0.118225,0.906494,9.852199,-23.272724,7.430583,214950.59375,26,2515,2824,2190,2734,11,0,0.44113199999999997,5.121613,-4.635619999999999,-0.21434,-0.00476,0.1085
2017-05-20T18:21:00-03:00,0.307739,0.054932,0.9123540000000001,9.688018,-18.608014999999998,3.4455459999999998,214950.59375,28,2414,2905,2515,2783,3115,0,3.3047489999999997,14.841460999999999,-0.336456,-0.19544,-0.0037799999999999995,0.10024
2017-05-20T18:21:00-03:00,0.39007600000000003,0.220642,0.8754879999999999,12.624119,-23.366409,14.145214999999999,214950.59375,19,1468,3027,2685,2271,1479,0,-2.848663,72.285767,-4.1346739999999995,-0.2198,-0.01554,0.08456
2017-05-20T18:21:00-03:00,-0.162109,0.8579709999999999,1.015442,9.799638999999999,6.952555,40.195267,214950.59375,15,720,2636,2536,1062,3,1,1.869202,244.96261600000003,-92.68249499999999,-0.22358000000000003,-0.00476,0.0525
2017-05-20T18:21:00-03:00,-0.45458999999999994,0.22052,1.900879,23.164637,13.363148,6.617275,214950.796875,72,1,1058,0,1,1966,1,-14.699402,-0.149536,75.067139,-0.2163,-0.05628,-0.07364
2017-05-20T18:21:00-03:00,0.39172399999999996,-0.403625,1.06427,5.871575,-18.990868,-20.769282999999998,214950.796875,51,60,1117,1,1,1963,1,-58.984528000000005,-194.77081299999998,21.495819,-0.21308000000000002,0.01008,-0.02282
2017-05-20T18:21:00-03:00,0.875916,0.391052,1.211243,4.465538,-34.534882,17.892784,214950.796875,33,107,1098,1,1,1595,0,-41.017761,-226.17340099999998,-22.422943,-0.2569,0.01848,0.07994
2017-05-20T18:21:00-03:00,1.3089600000000001,-0.175293,0.9707030000000001,17.838848000000002,-52.99911899999999,-10.236353,214950.796875,33,89,1209,1,1,917,0,-36.172791,-125.74493400000001,22.43042,-0.1855,-0.030239999999999996,0.13832
2017-05-20T18:21:00-03:00,1.002808,-0.5639649999999999,-0.226257,13.948029,-58.785934,-111.860184,214951.609375,255,460,831,0,1,2971,0,-11.656342,165.60379,35.911102,-0.18325999999999998,-0.01722,0.13888
2017-05-20T18:21:00-03:00,1.056885,-0.7619020000000001,0.867432,10.320288,-42.471821000000006,-41.294205,214951.609375,166,1410,561,0,1,3925,1,25.817413000000002,10.51239,-18.998566,-0.21195999999999998,-0.00644,0.1197
2017-05-20T18:21:01-03:00,0.047791,0.337341,1.045288,10.745764,-2.491381,17.886223,214951.609375,40,2119,2295,1,1694,10,0,36.344757,27.297821000000003,-12.785339,-0.22582,-0.00854,0.13384000000000001
2017-05-20T18:21:01-03:00,0.294128,0.102539,0.938843,12.579705,-17.298482999999997,6.233057,214951.609375,35,2293,2650,1523,2218,1,0,-4.381409,9.607697,-2.64679,-0.23226,-0.01624,0.1197
2017-05-20T18:21:01-03:00,0.290039,0.06134,0.920532,13.052802999999999,-17.452123999999998,3.8123099999999996,214951.0,27,2363,2841,1,2402,1,1,-4.687958,8.815155,1.570129,-0.19866,-0.01554,0.1169
2017-05-20T18:21:01-03:00,0.254456,0.07836900000000001,0.925537,16.450792,-15.320153,4.839931,214951.0,32,2310,2994,2311,2563,14,0,-0.336456,8.919830000000001,4.6804809999999994,-0.18634,-0.02576,0.11704
2017-05-20T18:21:01-03:00,0.137451,0.17260699999999998,0.9756469999999999,13.296222,-7.898105999999999,10.03272,214951.0,19,1437,3116,2690,2147,2276,0,16.217194,86.080475,-15.290070000000002,-0.168,-0.013859999999999999,0.10737999999999999
2017-05-20T18:21:01-03:00,0.212646,0.445557,1.154724,9.093338000000001,-9.748662,21.099382000000002,214951.0,19,1,2665,2292,1,3,1,7.7833559999999995,244.96261600000003,-44.210358,-0.28126,-0.00252,0.051660000000000005
2017-05-20T18:21:01-03:00,0.229919,0.430359,1.246399,8.58,-9.890977000000001,19.048862,214950.390625,19,2,1250,1,1,2070,1,31.746521,-72.510071,0.635529,-0.25158,0.0,-0.06076
2017-05-20T18:21:01-03:00,0.338318,-0.032227,0.846191,12.11145,-21.777835999999997,-2.181013,214950.390625,57,1,1379,1,1,1985,1,-50.229186999999996,-184.467773,-18.976135,-0.23365999999999998,-0.014419999999999999,-0.03234
2017-05-20T18:21:02-03:00,0.7546390000000001,0.161438,1.125977,11.357371,-33.561249,8.159233,214950.390625,41,8,1415,1,1,1670,0,-62.296753,-225.88180499999999,-36.621399,-0.21644000000000002,-0.0105,0.07518
2017-05-20T18:21:02-03:00,1.8811650000000002,-0.391907,1.274414,16.300854,-54.672138000000004,-17.093666,214950.390625,41,19,1233,1,1,969,0,-37.922363,-198.681183,11.648864999999999,-0.13734000000000002,-0.018619999999999998,0.12697999999999998
2017-05-20T18:21:02-03:00,1.735107,0.494263,-0.821167,15.556785999999999,-61.084534,148.956146,214951.609375,185,378,849,1,1,3734,0,12.232056,26.789398,9.203949,-0.11325999999999999,-0.013859999999999999,0.11997999999999999
2017-05-20T18:21:02-03:00,0.765015,0.719727,0.343384,12.877667,-43.810936,64.494049,214951.609375,30,1940,2330,1,1821,1,0,-33.742828,-18.123779000000003,101.407928,-0.16394,-0.012320000000000001,0.12194
2017-05-20T18:21:02-03:00,0.23205599999999998,0.144714,0.9002690000000001,11.206406,-14.278419,9.131935,214951.609375,28,2360,2831,1834,2413,1,1,-21.099548000000002,18.467712,2.205658,-0.18312,-0.0084,0.12208
2017-05-20T18:21:02-03:00,0.268127,0.128357,0.910156,359.850281,-16.262407,8.027334,214951.609375,30,2360,2912,2008,2568,1,0,-3.0879209999999997,4.239349,0.097198,-0.18325999999999998,0.02814,0.12347999999999999
2017-05-20T18:21:02-03:00,0.277771,0.14679,0.9098510000000001,14.425172,-16.772573,9.164764,214951.40625,28,2345,2986,2305,2633,14,1,-5.15152,5.054321,2.377625,-0.2065,-0.02114,0.11606
2017-05-20T18:21:02-03:00,0.261536,0.132324,0.941467,12.740404,-15.381147,8.000574,214951.40625,26,2006,3085,2559,2649,2480,1,0.403748,28.942719,-1.61499,-0.19054000000000001,-0.013859999999999999,0.11592000000000001
2017-05-20T18:21:02-03:00,0.34558099999999997,0.16955599999999998,1.1538700000000002,11.716358999999999,-16.505369,8.359516000000001,214951.40625,12,283,3076,2740,1467,4,0,6.235657,119.688721,-3.872986,-0.17374,-0.00952,0.09128
2017-05-20T18:21:03-03:00,1.132996,-0.476196,1.50708,19.568991,-35.634792,-17.535118,214951.40625,34,1,1425,1387,288,567,1,56.748962,244.96261600000003,-114.97085600000001,-0.22134,-0.042980000000000004,-0.00434
2017-05-20T18:21:03-03:00,-0.19781500000000002,-0.23645,1.037598,11.16302,10.530056,-12.837475999999999,214950.796875,104,2,951,0,1,2084,0,-4.067383,-37.713013000000004,48.150635,-0.20481999999999997,-0.00924,-0.04648
2017-05-20T18:21:03-03:00,1.096008,-0.807068,-0.490051,19.732094,-49.255512,-121.26610600000001,214950.796875,64,67,1581,0,1,960,0,10.602112,89.759064,3.74588,-0.12712,-0.02506,0.13985999999999998
2017-05-20T18:21:03-03:00,0.9417719999999999,1.0403440000000002,1.669434,17.797867,-25.583776,31.930003999999997,214952.03125,68,1158,29,1,1,3932,0,38.034515,223.033142,-22.96875,-0.15442,-0.02506,0.14826
2017-05-20T18:21:03-03:00,0.398621,0.226807,0.7849729999999999,6.699555,-26.005820999999997,16.115887,214952.03125,36,2015,2294,1,1486,1,1,34.423218,30.81192,0.9869379999999999,-0.20468,0.00672,0.13258
2017-05-20T18:21:03-03:00,0.26178,0.124329,0.8696290000000001,16.128870000000003,-16.593775,8.136295,214952.03125,31,2183,2648,5,1761,1,2,-1.061707,8.770294,-2.886047,-0.1722,-0.02282,0.12866
2017-05-20T18:21:04-03:00,0.220032,0.122803,0.9293819999999999,11.449847,-13.208828,7.5271,214952.03125,33,2262,2819,1221,2114,0,0,-4.740295,3.902893,-0.127106,-0.21504,-0.01078,0.12445999999999999
2017-05-20T18:21:04-03:00,0.290283,0.12738,0.919617,10.775067,-17.362973999999998,7.886125,214950.390625,23,2317,2979,2126,2378,24,1,2.624359,17.361145,3.312225,-0.20454,-0.00784,0.12334
2017-05-20T18:21:04-03:00,0.024658000000000003,0.13324,1.020752,6.875272,-1.372183,7.436827,214950.390625,20,834,3112,2631,1820,974,0,43.051453,141.670532,-32.471771000000004,-0.18816,0.0056,0.10346
2017-05-20T18:21:04-03:00,0.87323,-0.520996,1.1710209999999999,18.006445000000003,-34.267075,-23.984652,214950.390625,32,1,1565,1242,1,1548,0,43.08136,244.96261600000003,-99.052734,-0.25382,-0.04214,0.00896
2017-05-20T18:21:04-03:00,-0.22711199999999998,0.049988,0.49316400000000005,20.837694,24.615934,5.787812000000001,214950.390625,80,33,1369,1,1,2326,1,-27.918396,-71.366119,-0.9944149999999999,-0.2352,-0.0511,-0.04102
2017-05-20T18:21:04-03:00,0.545166,-0.048462,0.836182,8.330735,-33.059242,-3.316935,214951.8125,44,32,1428,1,1,1991,1,-33.877410999999995,-242.629852,-7.745972,-0.22526,0.00098,0.05376
2017-05-20T18:21:04-03:00,1.3295290000000002,0.23010300000000003,1.399658,7.044177,-43.146698,9.335865,214951.8125,94,5,1454,0,2,1333,0,-59.343414,-214.375,35.245667,-0.1932,0.00518,0.13244
2017-05-20T18:21:04-03:00,0.602966,-1.05249,-1.620544,24.911301,-17.330065,-146.997604,214951.8125,94,353,1178,0,1,2710,1,-14.961089999999999,221.597595,-58.020019999999995,-0.13426,-0.03934,0.13216
2017-05-20T18:21:04-03:00,1.0559690000000002,-0.40741,0.44018599999999997,11.131669,-60.403515000000006,-42.785519,214951.8125,63,1553,1114,0,1,3918,1,-22.632294,169.073029,-47.769318,-0.20734,-0.00924,0.12824000000000002
2017-05-20T18:21:05-03:00,0.770203,0.065613,0.755005,11.765101,-45.463142,4.966743,214951.8125,37,2220,2183,1,1871,11,0,36.823273,2.108459,-3.192596,-0.16856,-0.00938,0.1225
2017-05-20T18:21:05-03:00,0.27807600000000005,0.197266,0.8901979999999999,11.732591000000001,-16.960522,12.494696000000001,214951.8125,36,2357,2588,1352,2269,2,1,-3.147736,0.381317,0.254211,-0.19572,-0.01078,0.12138
2017-05-20T18:21:05-03:00,0.280457,0.114075,0.907898,10.777557,-17.04018,7.161517,214951.8125,32,2405,2755,1585,2465,0,0,-1.7271419999999997,2.063599,-0.628052,-0.24444000000000002,-0.00938,0.11494000000000001
2017-05-20T18:21:05-03:00,0.254822,0.135498,0.934448,2.6776720000000003,-15.102907,8.25057,214951.8125,26,2415,2935,2010,2632,3747,0,-2.086029,8.919830000000001,-1.286011,-0.21531999999999998,0.02226,0.11802
2017-05-20T18:21:05-03:00,0.11138900000000002,0.200562,0.9273680000000001,5.258325,-6.695819999999999,12.203389999999999,214951.203125,20,2089,3067,2529,2668,2241,1,18.647156,38.879395,-1.525269,-0.1785,0.01036,0.10934
2017-05-20T18:21:05-03:00,0.433716,0.134949,1.346985,11.229329,-17.764746,5.721132,214951.203125,17,717,2943,2546,1417,4,1,-8.052521,121.92428600000001,-37.174683,-0.21784,-0.01008,0.07602
2017-05-20T18:21:05-03:00,1.9549560000000001,-0.323914,0.6264649999999999,19.059818,-70.163094,-27.341219,214951.203125,63,50,780,1,1,1885,1,121.909332,240.87280299999998,-103.24722299999999,-0.22175999999999998,-0.04102,-0.02366
2017-05-20T18:21:05-03:00,0.16314700000000001,-0.11755399999999999,1.033081,7.050436,-8.917578,-6.491732,214951.203125,84,2,1088,0,1,1830,1,-12.471313,-94.970398,40.307465,-0.20972,0.0056,-0.052779999999999994
2017-05-20T18:21:06-03:00,0.568665,-0.140503,1.008545,8.225415,-29.18132,-7.930974000000001,214952.03125,40,66,1252,1,1,1796,1,-47.537537,-220.76019300000002,-34.468078999999996,-0.27146,0.00168,0.03248
2017-05-20T18:21:06-03:00,0.96106,0.195984,1.1761469999999998,7.333789,-38.869221,9.460393,214952.03125,91,84,1364,1,1,929,0,-22.998657,-188.946381,46.199188,-0.20594,0.00448,0.11032
2017-05-20T18:21:06-03:00,1.009766,-0.24591100000000002,-0.032166,14.702029999999999,-76.200905,-97.45208000000001,214952.03125,91,155,1439,1,1,750,1,-11.364746,9.809569999999999,-11.185303,-0.1736,-0.018619999999999998,0.15232
2017-05-20T18:21:06-03:00,-0.782471,0.896057,1.95697,9.388727000000001,19.978275,24.602087,214952.03125,255,705,602,0,1,3802,0,29.331512,210.950623,40.397186,-0.18844,-0.00266,0.14895999999999998
2017-05-20T18:21:06-03:00,-0.11096199999999999,-0.158875,1.322998,3.878482,4.760224,-6.847672,214952.234375,52,1990,712,1,1374,3944,0,-14.280701,67.597809,-32.606353999999996,-0.19236,0.015819999999999997,0.1197
2017-05-20T18:21:06-03:00,-0.001343,-0.225464,1.202332,13.384435999999999,0.06289199999999999,-10.620884,214952.234375,41,2464,2449,1426,2513,1,1,-20.052795,-15.723723999999999,-12.62085,-0.21154,-0.01778,0.10976
2017-05-20T18:21:06-03:00,0.258606,0.040527,0.9298709999999999,5.869155999999999,-15.527732,2.495591,214952.234375,33,2592,2671,1939,2765,1,1,-2.848663,2.489777,-8.852539,-0.22175999999999998,0.0105,0.10724000000000002
2017-05-20T18:21:06-03:00,0.19342,-0.000305,0.920898,14.198164000000002,-11.86167,-0.018987,214952.234375,32,2651,2753,2216,2889,13,1,-2.886047,5.233765,-2.0561220000000002,-0.22344,-0.02198,0.11018
2017-05-20T18:21:06-03:00,0.291687,0.07836900000000001,0.930542,12.766642,-17.346376,4.814023000000001,214951.8125,32,2426,2882,2521,2919,1684,0,1.0243229999999999,15.581665,2.938385,-0.22568000000000002,-0.01652,0.10472000000000001
2017-05-20T18:21:07-03:00,0.404846,0.166077,0.9436040000000001,6.32777,-22.906389,9.981973,214951.8125,21,1297,3060,2813,2554,3,1,8.508606,89.18335,-7.910461,-0.24206,0.00952,0.08553999999999999
2017-05-20T18:21:07-03:00,0.551819,0.772339,1.121399,12.149916000000001,-22.060876999999998,34.556274,214951.8125,17,505,2549,2491,1254,1,1,80.756989,244.96261600000003,-77.601776,-0.23338000000000003,-0.01456,0.022959999999999998
2017-05-20T18:21:07-03:00,0.194702,-0.399719,1.03302,17.565201000000002,-9.969505,-21.153566,214951.8125,17,105,825,1,1,1619,0,-57.048035,-171.144104,130.784302,-0.19655999999999998,-0.03108,-0.10724000000000002
2017-05-20T18:21:07-03:00,1.347534,-0.247192,1.2704469999999999,19.722891,-46.155006,-11.010539999999999,214951.40625,40,166,894,0,1,798,0,-29.017487,-167.757111,90.34225500000001,-0.16632,-0.032760000000000004,0.12305999999999999
2017-05-20T18:21:07-03:00,1.326294,-0.9588620000000001,-0.225037,24.481089,-53.402156999999995,-103.207787,214951.40625,145,340,1057,0,0,894,0,35.477447999999995,29.996948,-70.775452,-0.1435,-0.04088,0.12697999999999998
2017-05-20T18:21:07-03:00,0.8660889999999999,-0.074524,0.99939,14.475788,-40.834175,-4.264621,214951.8125,255,1253,779,1,1,3920,1,55.530243000000006,146.926727,-18.422852,-0.15862,-0.016380000000000002,0.12782000000000002
2017-05-20T18:21:08-03:00,0.226685,0.352661,0.861389,7.727447,-13.687425,22.264671,214951.8125,36,2267,2457,1,2145,13,1,58.386382999999995,50.827332,-11.132964999999999,-0.18816,0.0028,0.13244
2017-05-20T18:21:08-03:00,0.328125,0.038452,0.967224,11.380726,-18.725439,2.2766040000000003,214951.8125,34,2368,2785,1815,2497,15,1,-2.13089,1.644897,0.770111,-0.1946,-0.00952,0.11914000000000001
2017-05-20T18:21:08-03:00,0.317749,0.100525,0.904968,8.222576,-19.237446,6.338495,214951.8125,21,2309,2911,2074,2556,9,0,-2.415009,4.037476,1.031799,-0.22441999999999998,0.0014,0.11256
2017-05-20T18:21:08-03:00,0.266357,0.162415,0.9077149999999999,11.013827000000001,-16.111362,10.144405,214951.40625,30,2279,3000,2196,2623,8,0,-1.0243229999999999,8.613281,1.136475,-0.18116,-0.0077,0.12264000000000001
2017-05-20T18:21:08-03:00,0.07299800000000001,0.20629899999999998,0.944824,14.627738,-4.316649,12.317008999999999,214951.40625,22,1865,3117,2582,2469,1567,1,15.955504999999999,76.308289,-14.632110999999998,-0.20481999999999997,-0.0217,0.11144000000000001
2017-05-20T18:21:08-03:00,0.069275,0.235107,1.084167,8.718983999999999,-3.5732209999999998,12.235444000000001,214951.40625,15,97,2643,2160,344,2,0,2.758942,244.96261600000003,-61.212616000000004,-0.23085999999999998,-0.00056,0.056139999999999995
2017-05-20T18:21:10-03:00,0.049132999999999996,0.11718800000000001,1.654236,17.436815,-1.697021,4.0521139999999995,214951.40625,82,21,1132,1,1,1992,1,-18.796692,-58.072357,26.131439,-0.26684,-0.04158,-0.0448
2017-05-20T18:21:10-03:00,0.32568400000000003,-0.198914,0.49823,11.186643,-31.261378999999998,-21.763884,214952.234375,95,2,1116,0,1,1647,1,-22.61734,12.80777,34.819489000000004,-0.17836,-0.00812,-0.05992000000000001
2017-05-20T18:21:10-03:00,0.340454,-0.341431,0.8988649999999999,15.225644,-19.497871,-20.799109,214952.234375,45,63,1203,1,1,1668,0,-97.58728,-208.184204,42.071991,-0.21028000000000002,-0.0245,-0.0037799999999999995
2017-05-20T18:21:11-03:00,0.713928,-0.010437,1.19812,7.041508,-30.788645000000002,-0.4991,214952.234375,35,87,1295,1,1,1425,0,-38.221436,-198.71856699999998,-14.377899,-0.22414,0.00602,0.08106000000000001
2017-05-20T18:21:13-03:00,0.24536100000000002,0.130798,0.9151,16.969427,-14.865110999999999,8.134382,214952.4375,25,2390,2891,2118,2452,23,0,-3.1103520000000002,4.396362,0.91217,-0.14714000000000002,-0.0217,0.14028
2017-05-20T18:21:13-03:00,0.236816,0.218933,0.931702,12.880281,-13.897932999999998,13.223574,214952.4375,24,2026,2847,2073,2466,2470,0,35.193329,37.122345,-20.299529999999997,-0.14336,-0.01078,0.13692000000000001
2017-05-20T18:21:13-03:00,-0.11718800000000001,0.167664,1.223633,12.969187,5.420202,7.802148,214952.4375,19,603,1646,1499,1287,4,0,14.93866,177.723694,-43.073883,-0.19334,-0.01484,0.10107999999999999
2017-05-20T18:21:13-03:00,-0.18798800000000002,0.276489,0.9802860000000001,17.615599,10.457282000000001,15.751089000000002,214952.4375,44,210,431,1,1,2087,1,-1.166382,-11.708679,31.626891999999998,-0.2289,-0.0364,0.05474
2017-05-20T18:21:13-03:00,0.389099,0.156555,0.608032,21.694706,-31.787290999999996,14.438804999999999,214952.4375,44,369,773,1,1,2104,0,-45.346832,-126.462708,-10.475006,-0.17065999999999998,-0.039760000000000004,0.08092
2017-05-20T18:21:13-03:00,0.568909,0.137817,1.020203,17.877399,-28.926059999999996,7.6934130000000005,214952.4375,53,370,834,0,1,2107,0,-43.933716,-130.328217,-7.1702580000000005,-0.1736,-0.028419999999999997,0.13552
2017-05-20T18:21:13-03:00,0.617859,0.110229,0.8805540000000001,10.349386,-34.847046,7.135281,214952.4375,79,116,1054,1,1,1887,1,-30.625,-13.749847,11.790924,-0.15862,-0.0049,0.16058
2017-05-20T18:21:14-03:00,0.460632,0.22210700000000003,0.594727,6.455068,-35.963875,20.478678,214952.4375,79,111,1150,0,1,1766,1,-12.29187,-27.223053000000004,9.181519,-0.1547,0.0057399999999999994,0.16282
2017-05-20T18:21:14-03:00,0.22961399999999998,0.473145,0.7453,5.875124,-14.579438,32.408909,214952.4375,120,101,1345,1,1,1857,0,-6.8038940000000006,-4.777679,11.05072,-0.12445999999999999,0.00588,0.17262
2017-05-20T18:21:16-03:00,1.4827270000000001,-0.695984,0.885864,17.564404,-52.772693999999994,-38.155132,214952.640625,255,1538,1063,1,1,3947,1,6.295471,-30.378265000000003,-3.947754,-0.20986,-0.03318,0.11227999999999999
2017-05-20T18:21:16-03:00,0.172058,0.38867199999999996,1.106262,8.502469,-8.34789,19.358310999999997,214952.640625,55,2201,2389,1,1711,16,0,-3.753357,19.701385000000002,-8.299255,-0.20692,0.00028,0.11788
2017-05-20T18:21:16-03:00,0.27868699999999996,0.12091099999999999,0.8944700000000001,7.914256,-17.158485,7.698334,214952.640625,37,2344,2792,1337,2342,11,0,2.026215,26.056670999999998,-7.319794,-0.20481999999999997,0.00238,0.11087999999999999
2017-05-20T18:21:16-03:00,0.261841,0.10504200000000001,0.9281010000000001,10.695505,-15.660082000000001,6.457202,214951.8125,40,2401,2932,2063,2633,11,1,-5.794525,7.813263,-0.478516,-0.21224,-0.00784,0.10654000000000001
2017-05-20T18:21:16-03:00,0.755676,0.36200000000000004,0.89856,15.195482,-37.956463,21.942852,214951.8125,25,2,2199,2074,332,2,0,117.17651399999998,244.96261600000003,-81.265411,-0.22694,-0.02632,-0.00476
2017-05-20T18:21:16-03:00,-0.073242,0.011047,0.46575900000000003,10.800624000000001,8.934294,1.358746,214951.40625,25,2,1145,1,1,1849,1,-18.191071,-33.197021,59.784546,-0.25634,-0.009940000000000001,-0.08624
2017-05-20T18:21:16-03:00,0.333801,-0.54303,0.889648,6.242694,-17.758156,-31.399345,214951.40625,61,5,1197,0,1,1928,0,-95.561066,-225.88928199999998,-13.308716,-0.28812,0.01176,-0.02688
2017-05-20T18:21:17-03:00,1.134033,0.21514899999999998,1.247314,17.835728,-41.858723,9.786633,214951.40625,51,76,1203,0,1,1378,1,-87.07489,-220.737762,-37.683105,-0.18899999999999997,-0.0308,0.09954
2017-05-20T18:21:17-03:00,1.563965,-0.073914,0.905518,10.363889,-59.847094999999996,-4.666467,214951.40625,51,67,1337,1,1,1107,1,86.409454,-183.368683,65.1828,-0.16632,-0.00518,0.1344
2017-05-20T18:21:17-03:00,-0.170898,1.456787,0.108215,17.433582,6.672675999999999,85.751663,214953.046875,255,606,1073,1,1,3424,1,20.449066000000002,-245.0,178.912506,-0.16268,-0.02534,0.14
2017-05-20T18:21:17-03:00,0.571533,0.030333999999999996,0.936951,13.81202,-31.369549,1.8543459999999998,214953.046875,53,1913,708,1,1,3954,1,-44.875793,-76.532593,18.482666000000002,-0.23085999999999998,-0.02114,0.1232
2017-05-20T18:21:17-03:00,0.321594,0.06536900000000001,1.099121,6.614184,-16.281822000000002,3.403575,214953.046875,40,2419,2337,10,2376,13,0,81.100922,27.843628000000002,-36.232605,-0.2121,0.00728,0.11256
2017-05-20T18:21:17-03:00,0.293457,0.061707000000000005,0.9261469999999999,11.690841,-17.544704,3.8118190000000003,214953.046875,42,2647,2350,1245,2789,3776,0,0.829926,4.628143,-12.254486,-0.21896,-0.0119,0.10555999999999999
2017-05-20T18:21:18-03:00,0.099182,0.05011,0.939758,14.852926,-6.016212,3.052239,214952.84375,22,2022,3008,2711,2926,2,1,25.510864,53.122710999999995,5.188904,-0.23561999999999997,-0.0259,0.0868
2017-05-20T18:21:18-03:00,-0.080261,0.371338,1.147766,11.893751,3.8064370000000003,17.927999,214952.84375,16,786,2625,2797,1957,2,0,50.266571,200.146637,-43.118744,-0.25872,-0.014980000000000002,0.0525
2017-05-20T18:21:18-03:00,0.821716,-0.12493900000000001,-0.300415,20.174198,-68.398842,-157.41816699999998,214952.03125,16,18,658,1,1,2153,1,205.298157,55.500336,-225.21637,-0.19516,-0.04004,-0.10402
2017-05-20T18:21:18-03:00,0.260376,-0.15087899999999999,0.813599,16.242523000000002,-17.466967,-10.505944,214952.03125,120,19,956,1,1,1892,0,-35.380249,-103.81546,89.803925,-0.24766,-0.033319999999999995,-0.0854
2017-05-20T18:21:18-03:00,0.614502,-0.46557600000000005,1.117493,11.692308,-26.912413,-22.617867,214952.03125,41,25,1115,1,1,1595,0,-82.342072,-235.138092,5.794525,-0.2961,-0.0161,0.01414
2017-05-20T18:21:18-03:00,1.19397,0.338806,1.284424,6.4310730000000005,-41.950203,14.776928,214952.03125,41,18,1103,1,1,865,1,-4.172058,-139.74899299999998,52.771301,-0.22386,0.0084,0.1183
2017-05-20T18:21:18-03:00,1.514526,-0.499084,-0.619324,9.151713,-62.292671,-141.13626100000002,214953.046875,79,299,1170,1,1,847,0,88.465576,109.43054199999999,-48.427277000000004,-0.19642,-0.00196,0.1288
2017-05-20T18:21:18-03:00,0.724548,0.429199,1.764038,0.23710100000000003,-21.756453,13.674645000000002,214953.046875,255,810,99,1,1,3919,1,84.099121,236.30447400000003,-58.685455000000005,-0.21098000000000003,0.03094,0.126
2017-05-20T18:21:18-03:00,0.095032,0.18591300000000002,1.048096,5.286674,-5.101682,10.058602,214953.046875,51,2024,1400,1,1412,3949,1,2.4972529999999997,56.419982999999995,-4.358978,-0.27005999999999997,0.01554,0.12222000000000001
2017-05-20T18:21:19-03:00,0.067749,-0.009337999999999999,0.98761,3.317996,-3.9241089999999996,-0.541746,214953.046875,42,2301,2054,1,2127,9,0,26.752014000000003,6.20575,-23.574371,-0.26754,0.024640000000000002,0.11648
2017-05-20T18:21:19-03:00,0.16461199999999998,0.0271,0.959656,5.441808,-9.729539,1.6175389999999998,214952.4375,47,2473,2534,1554,2587,9,1,1.211243,1.308441,-4.897308,-0.29875999999999997,0.016380000000000002,0.10094
2017-05-20T18:21:19-03:00,0.333252,0.13385,0.9389040000000001,0.192079,-19.360689,8.113415,214952.4375,23,1321,3110,2832,2500,268,0,25.346375,95.635834,-13.854523,-0.28294,0.04172,0.07756
2017-05-20T18:21:19-03:00,0.301575,0.407715,1.020752,10.705347,-15.342519,21.773052,214952.234375,18,652,2637,2742,1412,2,0,44.053345,244.96261600000003,-50.632934999999996,-0.27915999999999996,-0.01036,0.0189
2017-05-20T18:21:19-03:00,1.999756,-0.937378,0.832092,14.246984,-57.921124,-48.405155,214952.234375,18,1,821,1,1,2075,1,129.386139,87.66555799999999,-100.18920899999999,-0.20034000000000002,-0.019880000000000002,-0.11634000000000001
2017-05-20T18:21:19-03:00,0.188599,-0.476868,0.896912,16.326481,-10.518044,-27.998571000000002,214952.234375,122,9,1003,1,1,1787,0,-65.16037,-150.665131,44.621582000000004,-0.24906,-0.03388,-0.09772
2017-05-20T18:21:20-03:00,0.695984,-0.35144000000000003,1.165405,6.6863399999999995,-29.759663,-16.781248,214952.234375,36,56,1119,1,1,1374,0,-71.022186,-239.75128199999997,-15.110626000000002,-0.24136,0.00798,0.027160000000000004
2017-05-20T18:21:20-03:00,1.0384520000000002,0.263855,1.065186,7.415261,-43.419643,13.912579999999998,214952.84375,36,28,1176,1,1,927,1,-31.043701000000002,-114.46991000000001,73.878326,-0.18592,0.0037799999999999995,0.12082000000000001
2017-05-20T18:21:20-03:00,0.22466999999999998,0.08258099999999999,0.887085,5.211293,-14.153625,5.318454,214953.046875,36,2143,2288,1,1807,7,0,-0.5159,10.706787,-3.297272,-0.2093,0.012320000000000001,0.12418
2017-05-20T18:21:20-03:00,0.193604,0.134705,0.913452,6.032935,-11.842186,8.388810000000001,214953.046875,42,2200,2492,1,1882,6,1,15.020904999999999,1.973877,-6.108551,-0.23604,0.0105,0.105
2017-05-20T18:21:20-03:00,0.20605500000000002,0.069702,0.9543459999999999,4.524771,-12.152412,4.177271,214953.046875,35,2348,2766,1711,2264,7,0,-4.09729,12.179718,3.327179,-0.22512,0.01596,0.10206
2017-05-20T18:21:21-03:00,0.273865,0.197449,0.921997,4.279452,-16.195871,12.087504,214953.046875,26,2272,3052,2504,2582,9,1,-2.50473,18.632202,6.594542999999999,-0.2625,0.01974,0.10864000000000001
2017-05-20T18:21:21-03:00,0.41107200000000005,0.024353,1.187439,4.81201,-19.091286,1.174907,214953.25,17,829,3112,2810,1551,259,1,24.733276,166.089783,-9.540405,-0.26571999999999996,0.0175,0.07126
2017-05-20T18:21:21-03:00,1.9926150000000002,-0.14416500000000002,1.42981,9.538262,-54.201133999999996,-5.757568,214953.25,45,0,1467,1685,1,2001,0,0.904694,244.96261600000003,-56.180725,-0.23435999999999998,-0.00392,-0.06762
2017-05-20T18:21:21-03:00,0.207092,0.038879000000000004,0.046021,4.135154,-73.779739,40.192046999999995,214953.25,45,5,1188,1,1,2334,1,21.615448,-90.200195,37.884979,-0.27915999999999996,0.0217,-0.08526
2017-05-20T18:21:21-03:00,0.740662,-0.262024,1.12384,10.473386,-32.693619,-13.124085999999998,214953.25,37,5,1237,1,1,2226,0,-21.735077,-243.93829300000002,-54.48349,-0.27104,-0.00896,0.0014
2017-05-20T18:21:21-03:00,0.868042,0.078552,1.254517,4.373176,-34.62822,3.582929,214953.046875,73,4,1497,1,1,1581,1,-17.368622,-163.906555,-10.88623,-0.23981999999999998,0.01764,0.09954
2017-05-20T18:21:22-03:00,0.124573,0.078003,0.809448,14.152198,-8.709361,5.504343,214952.84375,100,77,1005,1,1,2038,1,-50.296478,-216.461029,42.199096999999995,-0.2009,-0.0196,-0.06986
2017-05-20T18:21:24-03:00,0.843567,-0.030579000000000002,1.299866,13.60711,-32.974907,-1.347603,214953.25,90,74,1401,1,1,1727,1,-73.205414,-169.01321399999998,76.412964,-0.25942,-0.02282,0.09254
2017-05-20T18:21:24-03:00,0.989014,-0.915466,1.234985,10.457297,-32.755115999999994,-36.548691,214953.453125,255,1363,19,1,1,3944,0,-21.824799,31.327820000000003,-1.390686,-0.22638000000000003,-0.00742,0.1162
2017-05-20T18:21:25-03:00,0.09643600000000001,0.21270799999999998,1.132507,7.194082000000001,-4.783875,10.637364999999999,214953.453125,61,2179,1807,1,1569,3942,1,4.157104,10.340424,-17.166748000000002,-0.22568000000000002,0.0054600000000000004,0.11955999999999999
2017-05-20T18:21:25-03:00,0.20855700000000002,0.08404500000000001,0.8999020000000001,10.062147,-12.993631,5.3356,214953.453125,52,2491,1899,5,2390,3885,1,-6.676788,9.091797,-10.235748,-0.2002,-0.00518,0.10892
2017-05-20T18:21:25-03:00,0.22094699999999998,0.058776999999999996,0.9077149999999999,7.081658999999999,-13.652832,3.704876,214953.453125,55,2597,2195,1491,2657,3820,1,-6.06369,-2.213135,-1.644897,-0.20874,0.0054600000000000004,0.10528
2017-05-20T18:21:25-03:00,0.187378,-0.087524,0.9072879999999999,11.427825,-11.616524,-5.510171,214953.875,49,2675,2664,2029,2826,3636,1,3.6860660000000003,11.103058,3.858032,-0.21952,-0.010920000000000001,0.09632
2017-05-20T18:21:25-03:00,0.179565,0.12493900000000001,0.9555049999999999,10.535681,-10.555489,7.449557,214953.875,32,2487,3011,2569,2861,3046,1,-2.160797,30.124053999999997,2.818756,-0.2009,-0.00686,0.09898
2017-05-20T18:21:25-03:00,0.13092,0.173645,0.968506,2.467016,-7.579033,10.164658,214953.875,20,1429,3111,2934,2468,406,0,28.815613,116.040039,-20.912628,-0.22484,0.02408,0.07153999999999999
2017-05-20T18:21:25-03:00,0.345093,0.45269799999999993,1.201538,14.975253,-15.043659,20.644663,214953.875,30,181,2062,2514,839,1,0,102.686462,244.96261600000003,-117.445679,-0.23981999999999998,-0.02688,-0.01484
2017-05-20T18:21:25-03:00,0.429565,-0.691345,0.37506100000000003,16.402214,-28.641284999999996,-61.519768000000006,214952.84375,30,1,1040,1,1,1908,0,-85.736542,-58.79760699999999,84.816895,-0.20076,-0.02758,-0.11717999999999999
2017-05-20T18:21:26-03:00,0.509338,-0.7622680000000001,0.857727,12.22723,-23.934959,-41.627720000000004,214952.84375,43,28,976,1,1,1912,1,-161.47659299999998,-223.99765,23.888397,-0.20426,-0.013019999999999999,-0.035
2017-05-20T18:21:26-03:00,1.216797,0.201904,0.184692,14.396017,-77.326042,47.549217,214953.671875,255,609,497,1,1,3583,1,-77.60925300000001,-51.560059,89.459991,-0.1883,-0.019180000000000003,0.11844
2017-05-20T18:21:26-03:00,0.810242,-0.061035,0.598328,7.762517,-53.413948,-5.824572,214953.671875,50,2009,1179,1,1512,3938,0,-85.564575,-1.4280700000000002,54.348907,-0.23548000000000002,0.00336,0.11227999999999999
2017-05-20T18:21:26-03:00,0.341125,0.302856,0.889282,9.858879,-19.956787,18.806932,214953.671875,37,2380,2294,866,2236,10,1,-32.449341,14.676971,3.678589,-0.21322,-0.00476,0.10304
2017-05-20T18:21:26-03:00,0.339539,0.158081,0.9151610000000001,10.531744999999999,-20.082455,9.800321,214953.671875,37,2495,2478,1470,2583,8,1,-7.3272710000000005,5.704803,-3.611298,-0.23828000000000002,-0.00812,0.105
2017-05-20T18:21:26-03:00,0.270142,0.130188,0.928528,10.615723,-16.072599,7.981356,214953.046875,32,2520,2601,1638,2652,9,1,-7.110442999999999,0.9869379999999999,0.19439700000000001,-0.23631999999999997,-0.0084,0.10275999999999999
2017-05-20T18:21:26-03:00,0.229187,0.057007,0.9375,10.501225999999999,-13.713072,3.479717,214953.046875,26,2587,2780,2139,2797,10,1,-7.454376,16.934967,-8.650665,-0.2212,-0.00742,0.10234
2017-05-20T18:21:27-03:00,0.161072,0.117737,0.909302,8.785728,-9.963567999999999,7.377638,214953.046875,24,2304,2956,2847,2901,1658,1,26.946410999999998,33.354034000000006,-4.628143,-0.23394,-0.00084,0.09142
2017-05-20T18:21:27-03:00,0.238525,0.093872,1.38678,7.989700999999999,-9.737496,3.8724830000000003,214953.046875,16,506,2794,181,12,4,0,20.075226,176.594696,-24.793091,-0.231,0.00238,0.0497
2017-05-20T18:21:27-03:00,1.080139,-0.42767299999999997,0.429626,17.258656,-60.697651,-44.869465000000005,214953.25,65,1,974,3,1,2474,1,59.866791000000006,160.00366200000002,-135.51712,-0.16968,-0.0259,-0.06426
2017-05-20T18:21:28-03:00,1.343323,-0.055786,0.8203739999999999,15.142698000000001,-58.528576,-3.890175,214953.875,23,1,1677,1673,14,2,0,7.334747,244.96261600000003,-45.9375,-0.2373,-0.0273,-0.00798
2017-05-20T18:21:28-03:00,0.274048,0.037659,0.399292,17.801605,-34.344883,5.387837,214953.875,85,1,1237,1,1,2027,1,-18.863982999999998,-24.351959,11.529236000000001,-0.25956,-0.04214,-0.0581
2017-05-20T18:21:29-03:00,0.5672,-0.473267,0.909912,14.971229999999998,-28.943668,-27.479998,214953.875,42,4,1203,1,1,1920,1,-90.93292199999999,-208.976746,-26.370696999999996,-0.25872,-0.028980000000000002,0.01064
2017-05-20T18:21:29-03:00,0.30480999999999997,-0.016541,-0.555054,26.891865000000003,-28.762808000000003,-178.293106,214954.484375,255,542,528,1,1,3058,1,-35.63446,46.625366,-21.593018,-0.15652,-0.0518,0.12894
2017-05-20T18:21:30-03:00,1.7684330000000001,-0.5424800000000001,-1.041809,13.165871,-56.40805400000001,-152.493546,214953.25,80,300,1179,1,1,1308,1,38.019562,26.161345999999998,11.738586,-0.18675999999999998,-0.014980000000000002,0.14364000000000002
2017-05-20T18:21:30-03:00,0.042236,-0.00592,0.8535159999999999,10.835661,-2.83291,-0.397426,214953.25,95,558,25,1,1,3892,1,59.739684999999994,231.29501299999998,-68.88382,-0.17415999999999998,-0.00686,0.1386
2017-05-20T18:21:30-03:00,0.21417199999999997,0.344482,0.984497,11.779109,-11.603686,19.285299,214953.25,39,2057,1659,1,1299,3948,1,-20.770569000000002,26.206207,29.810028000000003,-0.23044,-0.01288,0.11802
2017-05-20T18:21:31-03:00,0.380676,-0.15332,1.1039430000000001,6.917955999999999,-18.857854999999997,-7.906903999999999,214953.671875,27,2415,2412,1323,2378,11,1,12.934875,-5.555267,-3.8356019999999997,-0.19782,0.0057399999999999994,0.10318
2017-05-20T18:21:31-03:00,0.29370100000000005,0.084229,0.9242549999999999,14.026859,-17.560454999999997,5.207051,214953.671875,28,2484,2674,1801,2634,10,1,-1.891632,3.790741,-2.108459,-0.23198000000000002,-0.022119999999999997,0.1071
2017-05-20T18:21:31-03:00,0.265381,0.127686,0.925659,10.829132000000001,-15.854795999999999,7.853825,214953.671875,23,2560,2798,2062,2766,10,1,-2.4748229999999998,3.125305,-1.8093869999999999,-0.2317,-0.0091,0.10976
2017-05-20T18:21:31-03:00,0.29370100000000005,0.110046,0.888916,2.955683,-18.154346,7.057219,214953.671875,20,2541,2916,2436,2888,2769,0,14.744263,15.865784,-10.759125,-0.19334,0.01904,0.09548
2017-05-20T18:21:31-03:00,0.390808,0.050842,0.912048,17.895495999999998,-23.162727,3.19066,214953.453125,18,1516,3013,2766,2693,45,0,-0.16449,77.953186,-11.790924,-0.23044,-0.0378,0.08274
2017-05-20T18:21:31-03:00,0.12219200000000001,-0.342407,0.7771,19.381153,-8.188234,-23.779348000000002,214953.453125,67,59,986,0,1,1515,1,-50.707703,-181.207886,87.65808100000001,-0.21868,-0.04172,-0.0707
2017-05-20T18:21:31-03:00,0.776978,0.023743,1.308594,9.967516,-30.695583000000003,1.039441,214953.875,29,94,1060,1,1,1262,0,-56.502228,-245.0,-10.8638,-0.28321999999999997,-0.00686,0.042839999999999996
2017-05-20T18:21:32-03:00,1.999756,-0.061707000000000005,1.218323,12.564696000000001,-58.616108,-2.899483,214953.875,29,66,874,1,1,398,1,31.18576,-128.414154,44.913177000000005,-0.20901999999999998,-0.01456,0.1204
2017-05-20T18:21:32-03:00,1.174866,0.278442,-0.551941,12.564316999999999,-62.247268999999996,153.230042,214953.875,170,562,530,1,1,3165,0,40.255127,53.092804,-15.387267999999999,-0.19698,-0.01372,0.12305999999999999
2017-05-20T18:21:32-03:00,1.224365,-0.60321,0.571106,14.590760999999999,-55.844852,-46.566013,214953.875,62,1435,1,0,1,3909,0,-20.179901,46.857147,13.936767999999999,-0.23800000000000002,-0.02506,0.09772
2017-05-20T18:21:32-03:00,0.297485,0.602539,1.118652,5.822756,-13.177247,28.308212,214955.09375,46,2132,2196,1,1873,3945,1,32.509155,-9.802094,-1.570129,-0.25872,0.012459999999999999,0.10934
2017-05-20T18:21:32-03:00,0.30950900000000003,0.161743,0.9259639999999999,8.659742999999999,-18.225195000000003,9.908196,214955.09375,38,2294,2536,1840,2266,9,1,4.9272160000000005,6.594542999999999,-7.065582000000001,-0.20118,-0.00028,0.1078
2017-05-20T18:21:32-03:00,0.294983,0.100037,0.896667,5.852026,-18.105078,6.365874,214955.09375,40,2352,2733,2063,2415,10,0,-8.336639,3.3570860000000002,3.8056949999999996,-0.22918000000000002,0.010920000000000001,0.10612
2017-05-20T18:21:32-03:00,0.142334,0.19128399999999998,0.8931879999999999,5.719255,-8.856702,12.087805,214955.09375,26,2353,2952,2189,2536,11,1,-13.727417,24.389343,0.620575,-0.24094000000000002,0.01204,0.10542
2017-05-20T18:21:32-03:00,0.238342,0.203552,0.944702,8.888039,-13.854555,12.159459,214954.28125,19,2012,3082,2677,2570,2968,1,18.123779000000003,30.46051,5.099182,-0.23435999999999998,-0.00126,0.09813999999999999
2017-05-20T18:21:33-03:00,0.408997,-0.016663,1.074524,6.107182,-20.836060999999997,-0.8884120000000001,214954.28125,12,380,3042,2786,1358,5,0,5.076752,157.812958,-22.206116,-0.24961999999999998,0.01078,0.052360000000000004
2017-05-20T18:21:33-03:00,1.999756,-0.36132800000000004,1.312317,9.218722,-55.758492000000004,-15.394148999999999,214954.28125,51,1,1095,4,1,1991,1,43.64212,244.96261600000003,-85.071106,-0.25116,-0.0028,-0.0546
2017-05-20T18:21:33-03:00,0.60144,-0.001465,0.46954300000000004,12.368248,-52.020771,-0.17874600000000002,214954.28125,100,45,761,1,1,2154,0,-77.070923,-109.595032,-5.024414,-0.16492,-0.010920000000000001,-0.06832
2017-05-20T18:21:33-03:00,0.8453370000000001,-0.045593,1.1176760000000001,15.9384,-37.078568,-2.3359669999999997,214953.25,45,40,639,0,1,1758,1,-53.085327,-230.143585,-108.406219,-0.2114,-0.0273,0.02366
2017-05-20T18:21:33-03:00,1.339783,-0.02887,1.373657,27.691307000000002,-44.278431,-1.203986,214953.25,109,106,605,1,1,970,0,-36.5242,-233.42590299999998,107.105255,-0.1701,-0.05894,0.10794000000000001
2017-05-20T18:21:33-03:00,1.999756,0.010254000000000001,-0.37799099999999997,22.545492000000003,-79.29248,178.446091,214953.25,109,401,1014,1,1,1240,1,117.871857,-1.40564,-42.423401,-0.13342,-0.03318,0.13846
2017-05-20T18:21:33-03:00,0.435852,-0.270325,0.513184,30.430909999999997,-36.922382,-27.778478999999997,214953.25,255,842,1,0,1,3676,0,35.843810999999995,235.96801800000003,-23.731384,-0.11172,-0.0448,0.13188
2017-05-20T18:21:33-03:00,0.5588989999999999,-0.5136109999999999,1.1742549999999998,29.432013,-23.560651999999997,-23.624222,214955.515625,98,1772,1,0,1,3941,0,30.348358,64.80896,-14.579773000000001,-0.13635999999999998,-0.05194,0.11424000000000001
2017-05-20T18:21:33-03:00,0.26361100000000004,0.269348,1.0310059999999999,14.020332000000002,-13.894903,14.64117,214955.515625,73,2186,1468,1,1398,3958,1,-9.039458999999999,1.24115,-9.353485000000001,-0.15288,-0.01456,0.11942
2017-05-20T18:21:34-03:00,0.005371,0.003479,0.859741,16.324345,-0.357939,0.23185,214955.515625,57,2309,1823,1,1982,3942,0,-27.006226,27.06604,-2.041168,-0.17192000000000002,-0.02338,0.1225
2017-05-20T18:21:34-03:00,0.268494,-0.396423,0.9755860000000001,19.116073999999998,-14.303779,-22.114063,214955.515625,48,2501,2342,1134,2557,3907,1,-3.080444,10.818939,-3.8206480000000003,-0.17388,-0.03234,0.11606
2017-05-20T18:21:34-03:00,0.46417200000000003,0.064819,0.8933110000000001,15.15249,-27.3953,4.150155000000001,214953.875,30,2503,2890,2163,2705,15,0,-9.921722,20.015411,20.149994,-0.1932,-0.02226,0.11508
2017-05-20T18:21:34-03:00,0.184143,0.208191,0.928406,9.884422,-10.953426,12.639236,214953.875,28,2094,3082,2570,2738,2242,1,24.658507999999998,29.451140999999996,-11.065674000000001,-0.22134,-0.00504,0.1085
2017-05-20T18:21:34-03:00,0.383789,-0.11389200000000001,1.2796020000000001,13.508420999999998,-16.633383,-5.086236,214953.875,21,690,3001,2715,2034,3,1,2.415009,177.49191299999998,-20.239716,-0.20944000000000002,-0.01806,0.07168
2017-05-20T18:21:34-03:00,1.472473,-0.027893,0.834167,21.022423,-60.45438000000001,-1.915155,214953.875,69,16,1124,845,200,1493,0,116.29425,244.96261600000003,-108.46603400000001,-0.23604,-0.052079999999999994,-0.050539999999999995
2017-05-20T18:21:34-03:00,0.281067,0.220032,0.396484,18.279697,-31.792521999999998,29.028384999999997,214953.875,69,34,486,1,1,2634,1,-96.81716899999999,-50.438538,78.229828,-0.19166,-0.032760000000000004,-0.08022
2017-05-20T18:21:34-03:00,0.668091,0.042236,0.7285159999999999,16.506104999999998,-42.474734999999995,3.318058,214953.875,44,17,816,1,1,2485,1,-96.585388,-244.125214,22.864075,-0.24234,-0.03374,-0.00168
2017-05-20T18:21:35-03:00,1.160156,0.11035199999999999,1.266907,11.087328999999999,-42.373734000000006,4.978078,214953.875,82,78,929,1,1,2203,1,-30.355835,-221.799469,23.335114,-0.15666,-0.00686,0.10584
2017-05-20T18:21:35-03:00,0.7453609999999999,-0.437561,0.63147,12.322989,-44.133511,-34.719048,214953.875,82,155,1056,1,1,1780,1,-29.645538000000002,-100.622864,1.457977,-0.16477999999999998,-0.01078,0.1351
2017-05-20T18:21:35-03:00,0.365723,0.414307,-0.095215,13.103106,-40.705658,102.942825,214954.6875,255,453,836,1,1,3037,0,-47.313232,20.217285,71.837158,-0.13804,-0.010920000000000001,0.13622
2017-05-20T18:21:35-03:00,0.638428,-0.175964,1.7620240000000003,11.521949000000001,-19.825909,-5.702929,214954.6875,103,627,169,0,1,3919,0,-3.289795,18.131256,5.846863,-0.19614,-0.01008,0.12012
2017-05-20T18:21:35-03:00,0.484558,0.7615970000000001,0.939514,12.686312,-21.833538,39.029202000000005,214954.6875,47,1890,1851,1,795,3961,1,-36.015778000000005,-22.983704,62.962189,-0.22036,-0.015819999999999997,0.11522
2017-05-20T18:21:35-03:00,0.001465,0.381653,0.819092,9.153895,-0.092879,24.982992000000003,214954.6875,38,2213,2550,1,1968,12,0,39.081268,28.49411,-32.516632,-0.16772,-0.00168,0.1281
2017-05-20T18:21:35-03:00,0.305908,0.073914,0.9266969999999999,9.091937,-18.214358999999998,4.560272,214954.078125,33,2353,2754,1894,2530,9,0,8.987122,4.994507,-6.841278,-0.18802,-0.00168,0.11424000000000001
2017-05-20T18:21:35-03:00,0.26617399999999997,0.170898,0.910889,13.605007,-16.024214,10.626145,214954.078125,35,2414,2903,2097,2703,9,0,-1.517792,9.405823,-1.031799,-0.18788,-0.01652,0.10597999999999999
2017-05-20T18:21:36-03:00,0.252869,0.128174,0.9428709999999999,7.049153,-14.882148999999998,7.741331,214954.078125,24,2125,3033,2546,2743,3074,1,-3.708496,26.348267,9.360961999999999,-0.22526,0.00602,0.09982
2017-05-20T18:21:36-03:00,0.372314,-0.021973,1.025024,14.238656,-19.958060999999997,-1.228017,214954.078125,13,751,3067,2803,1874,211,0,14.819030999999999,119.793396,-3.91037,-0.25998000000000004,-0.02576,0.07504
2017-05-20T18:21:36-03:00,0.21435500000000002,-0.264404,0.7609859999999999,17.493177,-14.899922,-19.159755999999998,214954.484375,31,39,1564,1656,397,2,1,78.17749,244.96261600000003,-108.60061599999999,-0.26334,-0.0413,-0.0161
2017-05-20T18:21:36-03:00,-0.029663,-0.186279,0.406982,23.450958,3.791633,-24.593971,214954.484375,111,15,1141,1,2,1786,1,-28.666077,-27.738953000000002,37.234497,-0.19824,-0.05264,-0.07098
2017-05-20T18:21:36-03:00,0.41674799999999995,-0.267822,0.793457,19.10898,-26.457064000000003,-18.651516,214954.484375,58,97,1085,1,1,1805,0,-117.946625,-232.566071,57.803192,-0.22974,-0.0427,-0.0091
2017-05-20T18:21:36-03:00,0.9111940000000001,0.167175,1.219116,10.387428,-36.51965,7.808172,214954.484375,45,53,1289,1,1,1662,1,-32.688598999999996,-207.750549,37.76535,-0.25732,-0.00812,0.07798
2017-05-20T18:21:36-03:00,1.435547,-0.199646,0.914185,11.26443,-56.902533999999996,-12.319236,214954.6875,45,71,1448,1,1,1339,0,14.512482,-180.505066,27.462311,-0.1911,-0.00896,0.13426
2017-05-20T18:21:36-03:00,1.085266,-0.39074699999999996,-0.14746099999999998,11.379519,-68.951645,-110.675606,214954.6875,255,334,1287,1,1,1599,1,-0.9196469999999999,-12.62085,-39.933624,-0.17178,-0.0084,0.13762
2017-05-20T18:21:36-03:00,0.847534,-0.500977,0.833923,14.397272000000001,-41.062424,-30.995196999999997,214954.6875,255,783,1,1,1,3884,0,16.172333,8.366547,-2.557068,-0.17864000000000002,-0.0182,0.12796
2017-05-20T18:21:37-03:00,0.219177,0.49542200000000003,1.100586,10.359016,-10.292506,24.234614999999998,214954.6875,64,1967,1353,1,1213,3959,1,-48.412323,29.421234000000002,17.929382,-0.22988000000000003,-0.0071400000000000005,0.12095999999999998
2017-05-20T18:21:37-03:00,0.208679,0.285583,0.902466,9.737333,-12.43241,17.55987,214954.6875,50,2189,2273,1,1638,12,1,4.179535,19.723816,-6.9683839999999995,-0.19404000000000002,-0.00392,0.12194
2017-05-20T18:21:37-03:00,0.334595,0.127136,0.910767,12.604602,-19.993873999999998,7.946712,214954.6875,39,2316,2628,1109,2137,11,0,6.609497,3.5365300000000004,-0.5906680000000001,-0.2149,-0.015119999999999998,0.11199999999999999
2017-05-20T18:21:37-03:00,0.349609,0.090149,1.070068,10.550482,-18.033363,4.815567,214954.28125,18,882,3135,2778,1882,272,0,19.791107,127.068329,-16.000366,-0.24821999999999997,-0.00854,0.07574
2017-05-20T18:21:37-03:00,0.242493,0.014832,1.21228,13.854379999999999,-11.310772,0.7009449999999999,214954.28125,23,1,2283,1877,425,3,1,75.493317,244.96261600000003,-95.08255,-0.25326,-0.02338,-0.0091
2017-05-20T18:21:37-03:00,-0.469238,-0.053772,0.898193,22.380758,27.541632,-3.4260269999999995,214954.28125,117,1,1091,1,1,1825,1,-5.6748959999999995,-41.242065000000004,43.99353,-0.2086,-0.05124,-0.07882
2017-05-20T18:21:37-03:00,0.544373,-0.60083,1.0347899999999999,15.76477,-24.46283,-30.140734000000002,214954.28125,56,12,1106,1,1,2018,1,-85.83374,-241.553192,23.746338,-0.26432,-0.033319999999999995,-0.01876
2017-05-20T18:21:38-03:00,0.990906,0.34381100000000003,1.138611,9.850741000000001,-39.798466,16.802035999999998,214954.484375,37,60,1235,1,1,1481,0,-65.967865,-230.28564500000002,-11.289978,-0.23351999999999998,-0.00518,0.09352
2017-05-20T18:21:39-03:00,0.11938499999999999,0.052124000000000004,0.9103389999999999,9.324542999999998,-7.459232000000001,3.277052,214954.28125,20,1165,3112,2912,2242,1774,1,22.295837,98.97049,-13.099364999999999,-0.21545999999999998,-0.0028,0.10597999999999999
2017-05-20T18:21:39-03:00,0.093079,0.474304,1.251282,16.810976,-3.978925,20.759449,214954.28125,14,203,2639,2804,998,4,1,32.42691,244.925232,-37.735443,-0.20034000000000002,-0.028980000000000002,0.046060000000000004
2017-05-20T18:21:39-03:00,1.999756,0.067566,0.8047489999999999,29.429152000000002,-68.009209,4.799243,214954.28125,90,2,951,1,1,2336,1,108.765106,-40.314941,-4.2916870000000005,-0.18858,-0.07182000000000001,-0.056420000000000005
2017-05-20T18:21:39-03:00,0.332886,-0.017212,0.818542,18.256270999999998,-22.126226000000003,-1.20461,214954.890625,68,2,1265,0,0,1873,0,-23.245392000000002,-139.584503,60.614470999999995,-0.21266,-0.03626,-0.0357
2017-05-20T18:21:39-03:00,0.768188,0.064331,1.243164,10.484776,-31.678915000000003,2.962291,214954.890625,29,4,1396,1,1,1426,0,-9.630127,-245.0,32.307281,-0.24416,-0.00812,0.06496
2017-05-20T18:21:39-03:00,1.861694,0.172852,1.07312,11.081249,-59.721439000000004,9.150257,214954.890625,29,13,1166,1,1,918,1,36.090546,-132.212372,37.39151,-0.20831999999999998,-0.0091,0.12712
2017-05-20T18:21:39-03:00,1.3416139999999999,-0.5193479999999999,-0.629578,20.591478,-58.686604,-140.480255,214954.890625,137,361,568,0,1,3019,1,-29.952087,178.090057,-24.778137,-0.18424000000000001,-0.0392,0.11997999999999999
2017-05-20T18:21:40-03:00,1.0322879999999999,-0.747559,0.9592290000000001,9.626382000000001,-40.325684,-37.93047,214955.3125,61,1189,1056,1,1,3906,0,-50.565643,9.166565,23.342589999999998,-0.21461999999999998,-0.00392,0.1106
2017-05-20T18:21:40-03:00,0.230652,0.07605,0.8362430000000001,9.51791,-15.359509,5.196314,214955.3125,41,2008,2361,1,1393,3960,1,-3.6187739999999997,13.226470999999998,-10.377808,-0.20524,-0.00336,0.12165999999999999
2017-05-20T18:21:40-03:00,0.16430699999999998,0.186279,0.9229129999999999,1.366788,-9.899077,11.411183,214955.3125,35,2144,2677,3,1747,8,0,6.400146,-6.519775,-3.252411,-0.19025999999999998,0.02408,0.11788
2017-05-20T18:21:40-03:00,0.18145799999999998,0.084351,0.9088129999999999,7.231319,-11.244342999999999,5.302657,214955.3125,27,2165,2843,1598,1943,10,0,-1.3308719999999998,-0.224304,2.063599,-0.23786,0.0056,0.1148
2017-05-20T18:21:40-03:00,0.23492399999999997,0.162598,0.9170530000000001,11.288748,-14.156915,10.054309,214954.28125,27,2205,2997,2215,2178,8,0,0.127106,8.321686,2.594452,-0.1953,-0.00924,0.11788
2017-05-20T18:21:40-03:00,-0.09716799999999999,0.22045900000000002,0.992859,6.709782000000001,5.45747,12.519111,214954.28125,16,1253,3112,2600,2006,2698,0,22.280884,77.46719399999999,-5.906676999999999,-0.2058,0.00672,0.1029
2017-05-20T18:21:40-03:00,0.80957,0.6362300000000001,0.867188,5.234209,-36.968959999999996,36.266422,214954.28125,15,1,2759,2058,1,4,0,-3.506622,244.96261600000003,-57.848053,-0.2275,0.0133,0.03416
2017-05-20T18:21:40-03:00,-0.259338,-0.744751,0.688232,14.745223999999999,14.345495999999999,-47.258644,214954.28125,78,1,1617,0,1,2226,0,-30.550232,-72.024078,18.736877,-0.21644000000000002,-0.02338,-0.0532
2017-05-20T18:21:40-03:00,0.386047,-0.276672,0.997009,10.940375999999999,-20.460838,-15.509457999999999,214955.71875,62,2,1614,1,1,2086,1,-57.578888,-188.662262,-12.64328,-0.24794000000000002,-0.01022,0.00476
2017-05-20T18:21:41-03:00,0.966492,0.207825,1.3427120000000001,21.225729,-35.425583,8.798409,214955.71875,42,34,1608,1,1,1863,0,-33.002625,-223.414459,-3.917847,-0.15974000000000002,-0.03584,0.0875
2017-05-20T18:21:41-03:00,1.501221,0.150635,1.001526,15.502291,-55.994637,8.553473,214955.71875,42,8,1335,1,1,1438,0,73.28765899999999,-104.308929,83.149567,-0.19488,-0.02366,0.11508
2017-05-20T18:21:41-03:00,1.7321779999999998,-1.002319,-0.298096,25.056252,-58.88080600000001,-106.56278999999999,214955.71875,255,100,1384,0,1,1778,0,-70.536194,53.67599499999999,-78.835449,-0.1652,-0.04886,0.11494000000000001
2017-05-20T18:21:41-03:00,0.851807,-1.2634889999999999,0.894043,16.115841,-28.825314000000002,-54.716827,214956.125,78,1502,10,1,1,3947,0,9.817047,0.014953999999999999,-87.38891600000001,-0.16086,-0.02128,0.12012
2017-05-20T18:21:41-03:00,0.295837,0.177002,0.827209,6.2137519999999995,-19.275582999999997,12.077722,214956.125,42,2044,2171,1,1387,12,0,-12.247009,19.454651000000002,-1.667328,-0.20328,0.0084,0.12404000000000001
2017-05-20T18:21:41-03:00,0.23010300000000003,0.214294,0.922668,3.663013,-13.653942,13.075417999999999,214956.125,32,2141,2624,1,1697,8,0,24.165039,31.238097999999997,-10.310516,-0.20342000000000002,0.0175,0.12866
2017-05-20T18:21:41-03:00,0.277771,0.207458,0.8812260000000001,10.22263,-17.057169000000002,13.247376000000001,214956.125,29,2202,2839,1169,2039,10,0,-1.816864,10.826416,-0.852356,-0.15134,-0.00434,0.11857999999999999
2017-05-20T18:21:42-03:00,0.224731,0.180725,0.9244379999999999,4.71167,-13.418997000000001,11.061648,214953.875,26,2259,2980,2113,2376,7,1,2.945862,13.308716,-0.254211,-0.22568000000000002,0.01526,0.11382
2017-05-20T18:21:42-03:00,-0.7537229999999999,0.480286,1.9182740000000003,15.404254000000002,20.86446,14.056401999999999,214953.875,95,0,1353,1,1,1924,0,38.393402,-59.216308999999995,59.926605,-0.2562,-0.030660000000000003,-0.06538
2017-05-20T18:21:42-03:00,0.5405270000000001,-0.018738,1.1275629999999999,14.940413000000001,-25.608877,-0.952051,214955.515625,68,2,1375,0,1,1917,1,-29.092254999999998,-202.382202,14.475098000000001,-0.26124,-0.02912,-0.04018
2017-05-20T18:21:42-03:00,1.106079,0.185669,1.4057620000000002,15.321589000000001,-37.955803,7.523913,214955.515625,39,24,1363,1,1,1716,0,-43.073883,-229.09683199999998,1.914062,-0.2345,-0.027719999999999998,0.0609
2017-05-20T18:21:42-03:00,1.43335,0.060425,0.784485,6.818239,-61.236301,4.4045,214955.515625,39,114,1427,1,1,1318,1,48.644104,-162.844849,100.099487,-0.19572,0.00602,0.12334
2017-05-20T18:21:42-03:00,1.4887700000000001,-0.258789,-0.435974,6.2824349999999995,-71.193871,-149.307129,214955.515625,255,508,286,1,1,3345,0,-136.21246299999999,74.349365,2.2953799999999998,-0.2303,0.00924,0.1176
2017-05-20T18:21:42-03:00,1.333923,0.295715,0.928162,12.607217,-53.860268000000005,17.672048999999998,214955.3125,56,1828,1066,1,1,3952,1,-51.844177,-38.886871,105.647278,-0.21475999999999998,-0.015119999999999998,0.11325999999999999
2017-05-20T18:21:42-03:00,0.269531,0.127136,0.9146120000000001,2.6838900000000003,-16.2719,7.913727000000001,214955.3125,40,2103,2210,1,1090,9,0,-7.2824100000000005,7.551575,-0.022430000000000002,-0.21825999999999998,0.02254,0.11185999999999999
2017-05-20T18:21:43-03:00,0.270935,0.189209,0.891907,7.8579740000000005,-16.549719,11.977155999999999,214955.3125,36,2135,2633,1,1291,8,1,-4.28421,11.275024,-1.80191,-0.22218000000000002,0.0028,0.11395999999999999
2017-05-20T18:21:43-03:00,0.303528,0.174988,0.9340209999999999,2.570994,-17.71409,10.611291,214955.3125,28,2217,2851,25,1806,5,0,6.661835000000001,11.065674000000001,-0.36636399999999997,-0.21811999999999998,0.022959999999999998,0.10094
2017-05-20T18:21:43-03:00,0.059204,-0.30761700000000003,1.763123,13.240191000000001,-1.89462,-9.896942,214954.484375,68,0,1128,0,1,2462,0,72.20352199999999,32.202606,-5.532837000000001,-0.24388,-0.019880000000000002,-0.06272
2017-05-20T18:21:43-03:00,0.288147,-0.25805700000000004,1.087708,15.342027999999999,-14.453792000000002,-13.34656,214954.484375,53,1,1189,0,1,2331,1,-0.70282,-195.72036699999998,0.979462,-0.25858000000000003,-0.030660000000000003,-0.02632
2017-05-20T18:21:43-03:00,1.048218,0.6912229999999999,1.170166,12.192364,-37.642082,30.570567999999998,214955.71875,50,32,1432,1,1,1905,1,-9.787139999999999,-219.12277200000003,58.827515000000005,-0.2772,-0.0175,0.06804
2017-05-20T18:21:43-03:00,0.781921,-0.861084,0.039245999999999996,12.27397,-42.211945,-87.39044200000001,214955.71875,50,24,1142,1,1,1987,1,-0.643005,15.701294,-10.67688,-0.1995,-0.01288,0.11675999999999999
2017-05-20T18:21:43-03:00,-1.999756,1.331482,1.999756,7.185192,39.773132000000004,33.656559,214955.71875,64,1019,336,1,1,3863,0,-20.292053,-89.36279300000001,45.930023,-0.24724000000000002,0.00602,0.11815999999999999
2017-05-20T18:21:44-03:00,-0.138794,0.360596,0.9080809999999999,355.260529,8.084949,21.657848,214955.71875,38,2046,2189,1,1508,16,1,37.084961,56.382599,-16.374207000000002,-0.1981,0.0469,0.10304
2017-05-20T18:21:44-03:00,0.223938,0.13409400000000002,0.932312,4.437769,-13.373767,8.184709,214955.921875,39,2277,2627,1553,2030,3945,1,-13.316193,-1.786957,-1.525269,-0.24164000000000002,0.0175,0.10164
2017-05-20T18:21:44-03:00,0.289246,0.132141,0.91925,0.604215,-17.29932,8.18016,214955.921875,30,2336,2732,1832,2254,11,1,-2.631836,1.24115,-1.196289,-0.2548,0.0357,0.09842000000000001
2017-05-20T18:21:44-03:00,0.161804,0.083313,0.938416,2.832464,-9.745315,5.073446,214955.921875,25,2374,2917,2088,2453,8,0,-9.577789,12.45636,1.77948,-0.23646,0.0238,0.09967999999999999
2017-05-20T18:21:44-03:00,0.176331,0.247986,0.99292,3.162256,-9.775826,14.022984,214955.921875,17,1930,3082,2588,2500,2581,0,25.780029000000003,47.343140000000005,-0.276642,-0.2849,0.02702,0.0889
2017-05-20T18:21:44-03:00,0.286926,-0.473999,0.8423459999999999,10.440697,-16.533815,-29.367015999999996,214955.09375,69,2,1137,1,1,1987,1,-60.03128100000001,-184.82666,-12.987213,-0.23701999999999998,-0.0077,-0.06594
2017-05-20T18:21:45-03:00,0.722534,-0.362244,1.143127,14.083205,-31.070584999999998,-17.582798,214955.09375,44,58,1172,1,1,1833,0,-63.238831000000005,-233.82965099999998,-64.764099,-0.25284,-0.02436,0.055020000000000006
2017-05-20T18:21:45-03:00,1.630371,0.347046,1.349243,17.036652,-49.485928,14.424663,214955.515625,44,78,1114,1,1,1244,0,21.56311,-133.460999,89.53475999999999,-0.19585999999999998,-0.02912,0.105
2017-05-20T18:21:45-03:00,1.505249,-0.49945100000000003,-0.758545,23.903809,-58.894878000000006,-146.637802,214955.515625,134,337,1407,1,1,1307,1,-24.366913,49.219818,-21.91452,-0.1778,-0.04872,0.10612
2017-05-20T18:21:45-03:00,1.481873,0.115417,0.757935,14.332301000000001,-62.644447,8.658422999999999,214955.515625,79,1573,1,0,1,3945,0,-10.781555,136.100311,-55.978851,-0.1904,-0.019180000000000003,0.1197
2017-05-20T18:21:45-03:00,0.628784,0.564819,1.151733,1.427618,-26.112944,26.123704999999998,214955.515625,31,2494,2244,1072,2596,12,1,117.124176,27.200622999999997,-39.313049,-0.21644000000000002,0.027160000000000004,0.09954
2017-05-20T18:21:45-03:00,0.163269,-0.100098,0.8850709999999999,9.771777,-10.387093,-6.452486,214955.3125,44,2797,1325,1788,3008,2984,0,23.290253,6.960907000000001,-32.329712,-0.19516,-0.00406,0.09464
2017-05-20T18:21:45-03:00,0.21722399999999997,-0.11914100000000001,0.7856449999999999,13.739092000000001,-15.289187,-8.623032,214955.3125,49,2827,919,1626,3089,1348,0,2.886047,-3.678589,-36.240082,-0.20468,-0.01848,0.0945
2017-05-20T18:21:45-03:00,0.29138200000000003,0.057373,0.8231200000000001,13.447735999999999,-19.450160999999998,3.9871769999999995,214955.3125,43,2784,1910,2021,3118,327,1,6.5347290000000005,-5.33844,-11.357269,-0.21041999999999997,-0.01792,0.09646
2017-05-20T18:21:46-03:00,0.303528,0.143433,0.895142,11.400172,-18.5112,9.10338,214955.3125,42,2685,2492,2412,3138,3,0,5.405730999999999,12.875061,-5.383301,-0.19894,-0.0098,0.09366000000000001
2017-05-20T18:21:46-03:00,0.9812620000000001,-1.3817139999999999,0.275513,27.683842,-34.85593,-78.723167,214955.921875,20,172,192,1,1,1304,0,81.60186800000001,122.07382199999999,-243.586884,-0.18634,-0.06454,-0.1015
2017-05-20T18:21:46-03:00,0.232239,-0.6672359999999999,1.235474,22.207968,-9.391478999999999,-28.371939,214955.921875,109,60,446,0,1,1150,0,-44.658966,-155.35308799999999,103.179932,-0.23618000000000003,-0.057260000000000005,-0.0847
2017-05-20T18:21:46-03:00,0.5952149999999999,-0.629883,1.093872,11.388144,-25.246021,-29.934568,214955.71875,41,72,947,1,1,807,1,-7.551575,-238.831635,52.816162,-0.26544,-0.013019999999999999,-0.00042
2017-05-20T18:21:46-03:00,1.211914,0.11096199999999999,1.234192,16.193398000000002,-44.362904,5.137452,214955.71875,70,35,1150,1,1,557,0,-52.434844999999996,-170.059967,-89.30297900000001,-0.22414,-0.029960000000000004,0.0882
2017-05-20T18:21:46-03:00,1.217651,-0.202942,1.000305,15.838872,-50.028915000000005,-11.468509,214955.71875,70,135,1123,1,1,434,0,-3.798218,-140.010681,58.618164,-0.17695999999999998,-0.02254,0.1295
2017-05-20T18:21:46-03:00,0.804443,-0.402649,0.271545,18.332426,-58.879844999999996,-56.004375,214955.71875,255,345,1518,1,1,251,0,-46.774902000000004,62.917328000000005,-17.899475,-0.14336,-0.024640000000000002,0.13608
2017-05-20T18:21:47-03:00,0.27270500000000003,-0.277771,0.740784,16.409077,-19.018808,-20.554493,214956.53125,255,817,88,1,1,3835,1,23.492126000000003,74.09515400000001,4.358978,-0.1792,-0.024640000000000002,0.12054000000000001
2017-05-20T18:21:47-03:00,0.510498,0.802979,0.8032229999999999,11.509194,-24.202904,44.991291,214956.53125,55,2107,1717,1,1711,3954,0,-49.937591999999995,48.875885,5.884247,-0.22161999999999998,-0.011340000000000001,0.11004000000000001
2017-05-20T18:21:47-03:00,0.43432600000000005,-0.355164,0.9089969999999999,4.571919,-23.991154,-21.341606,214956.53125,45,2393,2492,886,2354,10,1,42.243958,6.190796,-18.976135,-0.18382,0.01288,0.08806
2017-05-20T18:21:47-03:00,0.280884,0.036011,0.919434,14.776904,-16.975466,2.242913,214956.53125,40,2452,2604,1410,2555,9,0,-0.216827,6.504822,-3.192596,-0.18438,-0.02002,0.0854
2017-05-20T18:21:47-03:00,0.135681,-0.016113,0.930725,13.080585000000001,-8.292931,-0.9918399999999999,214954.890625,32,2547,2776,1,2756,9,0,-2.213135,4.441223,3.753357,-0.23478000000000002,-0.01848,0.08358
2017-05-20T18:21:47-03:00,0.264099,0.1297,0.88446,9.210092999999999,-16.459219,8.34255,214954.890625,23,2446,2993,2500,2803,8,0,9.884338,5.906676999999999,3.125305,-0.17822000000000002,-0.00196,0.07952000000000001
2017-05-20T18:21:47-03:00,0.345825,0.18927,0.8656010000000001,5.483126,-21.32066,12.334026,214954.890625,18,1780,3081,2835,2570,1362,0,9.24881,66.319275,-13.151703,-0.2303,0.012459999999999999,0.06776
2017-05-20T18:21:48-03:00,0.284851,-0.429688,1.026001,16.450132,-14.363736,-22.723854,214955.09375,65,3,1220,1,1,2047,0,-27.716521999999998,-175.346069,23.791199,-0.24206,-0.033460000000000004,-0.06804
2017-05-20T18:21:48-03:00,1.055115,-0.54303,1.220764,17.769838,-38.298190999999996,-23.980826999999998,214955.09375,45,6,1352,1,1,1927,1,-111.48666399999999,-240.431671,-65.952911,-0.22931999999999997,-0.0371,0.0462
2017-05-20T18:21:48-03:00,1.334229,-0.009094,1.207581,21.32007,-47.851646,-0.43148400000000003,214955.09375,127,3,1438,1,1,1683,0,-8.269347999999999,-173.327332,57.534027,-0.15666,-0.03542,0.11815999999999999
2017-05-20T18:21:48-03:00,1.140503,-0.28179899999999997,0.0017699999999999999,11.107973,-76.12088,-89.640121,214956.953125,127,66,1603,1,1,1048,0,44.300079,15.364838,-2.751465,-0.19025999999999998,-0.0084,0.13118
2017-05-20T18:21:48-03:00,-1.1165770000000002,0.700256,1.261475,8.052605999999999,37.736107000000004,29.035066999999998,214956.953125,128,552,8,1,1,3837,0,20.097656,216.8573,-12.134857,-0.1673,0.0015400000000000001,0.1302
2017-05-20T18:21:49-03:00,0.215027,0.091675,0.923767,15.532957999999999,-13.041642999999999,5.667486,214955.3125,36,2416,2552,1302,2582,3913,1,-5.420685,1.1589049999999999,-1.07666,-0.20664000000000002,-0.0252,0.10304
2017-05-20T18:21:49-03:00,0.190125,0.10388199999999999,0.96344,13.201754000000001,-11.100541999999999,6.154078,214955.3125,34,2486,2651,1623,2655,3904,0,-4.807587,1.884155,4.239349,-0.21994,-0.01778,0.1134
2017-05-20T18:21:49-03:00,0.19696,0.0802,0.932251,9.384098,-11.887025999999999,4.916966,214955.3125,28,2477,2944,2106,2734,13,0,-13.084412,17.286376999999998,9.839478,-0.2394,-0.00336,0.10724000000000002
2017-05-20T18:21:49-03:00,0.087952,0.147583,0.9664309999999999,6.013041,-5.1407050000000005,8.682524,214955.3125,18,1928,3088,2591,2663,2026,1,15.454559,54.378815,0.37384,-0.22484,0.01008,0.1029
2017-05-20T18:21:49-03:00,0.037108999999999996,0.03656,1.271851,4.531479,-1.670582,1.6465459999999998,214956.125,18,466,2862,2619,1240,3,0,12.755432,188.049164,-29.660491999999998,-0.19977999999999999,0.01414,0.04942
2017-05-20T18:21:49-03:00,0.8498540000000001,-0.39032,0.797607,18.365396,-43.742847,-26.075429999999997,214956.125,59,2,1147,1,1,2368,0,2.243042,165.79071000000002,-126.85897800000001,-0.2695,-0.04648,-0.07168
2017-05-20T18:21:49-03:00,0.265808,-0.236877,0.960938,12.41806,-15.033376,-13.847707000000002,214956.125,67,14,1155,1,1,2096,1,-35.469971,-130.260925,3.521576,-0.24416,-0.016380000000000002,-0.06047999999999999
2017-05-20T18:21:49-03:00,0.667725,-0.343079,1.150879,15.735392000000001,-29.074398,-16.599392,214956.125,35,20,1316,0,1,2056,0,-79.560699,-203.436432,-69.71374499999999,-0.2275,-0.028560000000000002,0.03584
2017-05-20T18:21:49-03:00,0.963989,0.038452,1.185913,21.015048999999998,-39.091778000000005,1.857113,214955.71875,73,12,1434,1,1,1911,1,-13.353577,-161.730804,53.466643999999995,-0.19935999999999998,-0.04396,0.09926
2017-05-20T18:21:50-03:00,0.228149,0.052551,1.362244,19.994999,-9.500753,2.209203,214955.71875,91,1233,634,1,1,3927,1,1.899109,62.52105699999999,2.4299619999999997,-0.17612,-0.03556,0.11144000000000001
2017-05-20T18:21:50-03:00,0.298035,0.255798,0.9291379999999999,17.285795,-17.184679,15.392609,214955.71875,51,2062,1934,1,1071,3963,1,-12.987213,5.532837000000001,7.222595,-0.1344,-0.02058,0.1148
2017-05-20T18:21:50-03:00,0.266968,0.09197999999999999,0.920227,14.195454000000002,-16.101965,5.707959,214955.71875,35,2249,2473,1,1830,9,0,1.981354,21.465912,-12.187195,-0.18367999999999998,-0.01806,0.11424000000000001
2017-05-20T18:21:50-03:00,0.305237,0.158691,0.919861,17.368828,-18.107691,9.788136,214955.71875,34,2361,2753,1386,2195,9,1,-2.998199,3.431854,-2.0561220000000002,-0.14126,-0.021840000000000002,0.10948
2017-05-20T18:21:50-03:00,0.16955599999999998,0.095703,0.9301149999999999,9.030783999999999,-10.278214,5.874712000000001,214955.71875,34,2436,2921,1946,2553,7,0,1.016846,2.684174,-0.904694,-0.17794000000000001,-0.0014,0.10892
2017-05-20T18:21:50-03:00,0.261475,0.197937,0.904541,14.787167000000002,-15.768982000000001,12.343238000000001,214955.3125,24,2133,3098,2555,2671,3051,0,11.417084,35.133514,-1.719666,-0.18536,-0.02016,0.09827999999999999
2017-05-20T18:21:50-03:00,0.438354,0.000977,1.290466,17.248007,-18.761946,0.043358999999999995,214955.3125,14,565,3026,2839,1440,5,0,10.153503,153.790436,-5.517883,-0.23142,-0.03528,0.062439999999999996
2017-05-20T18:21:51-03:00,1.503113,-0.252258,0.702148,18.775761,-63.601955000000004,-19.761654,214955.3125,63,1,888,1721,1,1919,1,168.30291699999998,232.887573,-177.304993,-0.24598000000000003,-0.044239999999999995,-0.056420000000000005
2017-05-20T18:21:51-03:00,0.266296,0.11871300000000001,0.520752,20.617437,-26.499832,12.841992999999999,214955.3125,101,2,1033,3,1,2240,0,-52.292786,-108.675385,10.542297,-0.23898000000000003,-0.050960000000000005,-0.0805
2017-05-20T18:21:51-03:00,1.0870360000000001,-0.640137,0.18951400000000002,13.817476000000001,-58.443934999999996,-73.508476,214955.71875,68,234,1375,1,1,1409,0,-26.258545,18.961182,-24.04541,-0.168,-0.0154,0.1281
2017-05-20T18:21:51-03:00,-1.3463129999999999,1.346985,1.999756,357.362427,29.178203999999997,33.963207000000004,214955.71875,103,725,148,1,1,3855,1,9.263763,164.24301100000002,-7.319794,-0.15036,0.02982,0.13118
2017-05-20T18:21:52-03:00,0.251343,-0.336609,0.8794559999999999,16.108835,-14.944482999999998,-20.944193,214956.125,51,17,1272,1,1,1794,0,-32.897949,-154.642792,-3.738403,-0.20761999999999997,-0.02744,-0.01344
2017-05-20T18:21:52-03:00,0.708252,0.232727,1.084778,15.776067000000001,-32.553123,12.108626,214956.125,37,108,1336,0,1,1585,1,-11.992797999999999,-199.720459,-17.884521,-0.23618000000000003,-0.02982,0.06314
2017-05-20T18:21:52-03:00,0.7778930000000001,0.269775,0.9026489999999999,13.972045000000001,-39.546504999999996,16.639870000000002,214956.125,37,8,1347,1,1,1410,1,38.557891999999995,-119.397125,77.36251800000001,-0.21952,-0.02072,0.10835999999999998
2017-05-20T18:21:53-03:00,0.653381,-0.652405,0.42260699999999995,13.666222,-40.048885,-57.066093,214956.125,140,52,1366,1,1,1512,1,-55.365753000000005,-13.405914000000001,-71.24649000000001,-0.1337,-0.0119,0.1246
2017-05-20T18:21:53-03:00,-0.064636,0.9690549999999999,1.5471190000000001,4.646794,2.027789,32.061428,214956.953125,107,606,224,0,1,3790,0,-4.912262,137.97699,24.411773999999998,-0.16086,0.011059999999999999,0.13202
2017-05-20T18:21:53-03:00,0.398254,0.41552700000000004,1.1636959999999998,10.717956,-17.864201,19.650398000000003,214956.953125,43,1953,1605,1,1303,3944,0,-17.734985,34.049377,23.021088,-0.22876,-0.00854,0.11732000000000001
2017-05-20T18:21:53-03:00,0.203979,0.134705,0.890808,4.829575,-12.757178,8.598902,214956.953125,41,2185,2290,1,1733,10,1,-1.286011,-4.598236,-4.665527,-0.20076,0.01316,0.1197
2017-05-20T18:21:53-03:00,0.23077399999999998,0.16955599999999998,0.935059,4.5319709999999995,-13.649567999999999,10.277857000000001,214956.953125,45,2191,2130,1,1700,3950,0,-4.785156,1.94397,3.409424,-0.2275,0.0161,0.1225
2017-05-20T18:21:53-03:00,0.26367199999999996,0.237244,0.916687,6.500041,-15.560452,14.510092000000002,214957.15625,49,2265,2155,1,1767,10,0,-1.8766779999999998,1.286011,1.734619,-0.22358000000000003,0.00812,0.12068
2017-05-20T18:21:53-03:00,0.22515900000000003,0.133423,0.943665,4.909451,-13.292439000000002,8.047592999999999,214957.15625,41,2409,2662,1,2168,8,0,28.023071,20.508881,-10.071259,-0.2597,0.016659999999999998,0.11494000000000001
2017-05-20T18:21:53-03:00,0.27002,0.15124500000000002,0.93335,358.444031,-15.938094,9.204514999999999,214957.15625,28,2455,2967,2317,2580,9,0,-1.80191,17.847137,3.461761,-0.19655999999999998,0.03514,0.1078
2017-05-20T18:21:54-03:00,0.294373,0.082214,1.270325,7.040506,-13.020571,3.702971,214957.15625,24,1105,2903,2346,1793,1300,0,68.88382,153.154907,-26.602478,-0.25004,0.00672,0.07923999999999999
2017-05-20T18:21:54-03:00,0.579834,0.22021500000000002,1.03125,12.739058,-28.804903000000003,12.053991,214956.125,35,279,1154,0,1,2222,0,-29.937134000000004,-165.42434699999998,-50.864715999999994,-0.24836,-0.01806,0.04634
2017-05-20T18:21:54-03:00,0.748657,0.091736,1.076233,9.246630999999999,-34.726379,4.871996,214956.125,93,243,1341,0,1,1873,1,4.1346739999999995,-111.69601399999999,87.486115,-0.21658000000000002,-0.00252,0.09982
2017-05-20T18:21:54-03:00,0.825317,-0.124634,0.523193,7.470033,-56.908974,-13.399123999999999,214957.765625,93,246,1349,0,1,1768,1,-1.009369,-36.187744,-3.4916690000000004,-0.22399999999999998,0.00434,0.1169
2017-05-20T18:21:54-03:00,0.717896,0.409302,0.760803,6.277519,-39.725876,28.279646000000003,214957.765625,255,712,293,0,1,3464,0,-71.58294699999999,72.988586,60.061188,-0.21588000000000002,0.00868,0.1176
2017-05-20T18:21:54-03:00,-0.014099,0.063965,1.075256,4.136646,0.749913,3.4043989999999997,214957.765625,54,1586,847,1,52,3919,0,-23.178101,-4.388885,20.523834,-0.2198,0.01708,0.10038
2017-05-20T18:21:54-03:00,0.219971,0.283447,0.899048,359.85742200000004,-13.134832000000001,17.498756,214957.765625,46,2036,1947,1,1370,10,1,1.80191,4.702911,-7.910461,-0.2555,0.0392,0.10542
2017-05-20T18:21:55-03:00,0.375,0.148865,0.949341,1.999297,-21.317829,8.911896,214957.359375,37,2259,2424,236,2084,9,1,-3.3645629999999995,-6.833800999999999,-6.138458,-0.24514,0.02828,0.09758
2017-05-20T18:21:55-03:00,0.20483400000000002,0.053345000000000004,0.921265,359.74078399999996,-12.514937,3.313943,214957.359375,35,2420,2526,1256,2427,8,1,-0.530853,1.75705,-0.957031,-0.20076,0.031219999999999998,0.09506
2017-05-20T18:21:55-03:00,0.233154,0.095276,0.94342,0.583385,-13.814207999999999,5.76674,214957.359375,35,2478,2798,1935,2601,3871,1,-5.099182,12.605896000000001,2.347717,-0.22721999999999998,0.03192,0.09268
2017-05-20T18:21:55-03:00,0.211365,0.12493900000000001,0.963501,357.66635099999996,-12.273467,7.3884229999999995,214957.359375,23,2298,3012,2411,2646,12,1,3.132782,12.516174000000001,7.82074,-0.22218000000000002,0.042839999999999996,0.09002
2017-05-20T18:21:55-03:00,0.24078400000000003,0.23144499999999998,0.941833,351.869354,-13.942801999999999,13.806242999999998,214956.125,26,927,3127,2474,1744,1373,1,13.15918,100.151825,-14.676971,-0.25788,0.07742,0.0721
2017-05-20T18:21:55-03:00,0.280823,-0.137268,0.711304,3.8869190000000002,-21.188709,-10.922722,214956.125,64,3,901,1,1,1658,1,-41.428986,-187.204285,22.437897,-0.27286,0.0224,-0.061320000000000006
2017-05-20T18:21:56-03:00,0.679199,0.48321499999999995,0.9701540000000001,12.570913000000001,-32.073879,26.47703,214956.953125,35,36,1040,1,1,1446,0,-50.789947999999995,-240.887756,-22.138824,-0.22876,-0.01596,0.06146
2017-05-20T18:21:56-03:00,1.8811650000000002,-0.046082,1.25708,5.814238,-56.22956800000001,-2.099386,214956.953125,35,11,1148,1,1,745,0,29.585724,-190.94268799999998,76.525116,-0.17388,0.0084,0.11955999999999999
2017-05-20T18:21:56-03:00,0.754211,-0.44238299999999997,-0.567017,7.507028,-46.36227,-142.038864,214956.953125,146,595,693,1,1,2649,0,-58.408813,183.241577,-36.142883000000005,-0.2093,0.00392,0.13047999999999998
2017-05-20T18:21:56-03:00,1.353516,-1.339172,0.93158,5.1740010000000005,-39.682594,-55.176048,214956.953125,55,1659,546,1,106,3935,1,-42.991638,81.938324,-19.536896,-0.21406,0.012740000000000001,0.10332000000000001
2017-05-20T18:21:56-03:00,0.19574,0.381592,1.248291,3.7495800000000004,-8.528308,16.99794,214957.5625,41,2130,2192,1,1804,3952,1,28.165131,9.62265,-12.224578999999999,-0.23856,0.02016,0.10066
2017-05-20T18:21:56-03:00,0.264587,0.144836,0.911377,4.214274,-15.998551999999998,9.029957000000001,214957.5625,33,2223,2349,943,1873,13,1,0.403748,3.5365300000000004,-0.18692,-0.2604,0.019880000000000002,0.1015
2017-05-20T18:21:56-03:00,0.300842,0.215088,0.916992,3.7295239999999996,-17.713805999999998,13.200551999999998,214957.5625,31,2309,2697,1477,2249,9,0,-8.306732,2.512207,-1.121521,-0.22931999999999997,0.019459999999999998,0.10737999999999999
2017-05-20T18:21:57-03:00,0.135925,0.292358,1.011414,4.8540790000000005,-7.356528,16.122425,214956.734375,16,1034,3123,2576,1701,589,1,34.378357,149.356689,-34.273682,-0.25368,0.01652,0.0791
2017-05-20T18:21:57-03:00,1.999756,0.6108399999999999,1.083679,9.717597999999999,-58.115669,29.408749,214956.734375,26,1,2188,4,1,1436,1,64.719238,244.96261600000003,-76.13632199999999,-0.27496,-0.0054600000000000004,-0.028419999999999997
2017-05-20T18:21:57-03:00,0.19805899999999999,-0.215759,0.877136,6.124,-12.367289999999999,-13.819339999999999,214956.734375,83,1,1604,1,1,1864,0,23.559418,-17.944336,-13.286285000000001,-0.2905,0.012459999999999999,-0.0588
2017-05-20T18:21:57-03:00,0.6057739999999999,0.111694,0.597229,11.269771,-44.914536,10.593138,214957.96875,45,6,1526,1,1,1804,0,-39.769135,-189.237976,-40.262603999999996,-0.27118000000000003,-0.012740000000000001,-0.00322
2017-05-20T18:21:57-03:00,0.8192139999999999,0.355652,1.076538,7.1487169999999995,-35.850395,18.281813,214957.96875,61,20,1635,0,1,1432,1,-0.18692,-172.220764,61.691131999999996,-0.24654,0.0061600000000000005,0.0784
2017-05-20T18:21:57-03:00,0.7365109999999999,0.064453,0.724304,7.491744000000001,-45.365803,5.085143,214957.96875,61,11,1788,1,1,1234,0,21.720123,-100.705109,32.815704,-0.20636,0.00392,0.12082000000000001
2017-05-20T18:21:59-03:00,1.050171,-0.283936,-1.191162,15.484542999999999,-40.616646,-166.592682,214956.125,101,318,1236,1,1,2858,0,-47.918853999999996,193.821259,20.404204999999997,-0.1792,-0.0217,0.1274
2017-05-20T18:21:59-03:00,0.8878780000000001,-0.547791,0.208069,7.45345,-56.576285999999996,-69.201576,214957.5625,53,1452,744,1,1,3904,0,-1.667328,154.007263,-11.633911,-0.24206,0.00476,0.10304
2017-05-20T18:21:59-03:00,0.769043,0.188416,0.9496459999999999,6.15113,-38.461418,11.222093,214957.5625,41,2173,2298,1,1759,12,0,5.772094999999999,-1.869202,3.872986,-0.24094000000000002,0.01022,0.1057
2017-05-20T18:21:59-03:00,0.28656,0.18042,0.918823,7.494452000000001,-17.015848000000002,11.109244,214957.5625,28,2317,2553,1289,2210,10,1,-1.9065860000000001,7.2151179999999995,-3.5813900000000003,-0.22904000000000002,0.00434,0.10584
2017-05-20T18:21:59-03:00,0.266541,0.135498,0.9349370000000001,5.272183999999999,-15.755978,8.246321,214957.5625,36,2393,2798,1904,2471,7,0,-2.15332,3.1103520000000002,-1.525269,-0.23254,0.01344,0.11312
